$MeshFile
Vertex	X	YZ
0	-0.5	0.50
1	-0.484375	0.50
2	-0.46875	0.50
3	-0.453125	0.50
4	-0.4375	0.50
5	-0.421875	0.50
6	-0.40625	0.50
7	-0.390625	0.50
8	-0.375	0.50
9	-0.359375	0.50
10	-0.34375	0.50
11	-0.328125	0.50
12	-0.3125	0.50
13	-0.296875	0.50
14	-0.28125	0.50
15	-0.265625	0.50
16	-0.25	0.50
17	-0.234375	0.50
18	-0.21875	0.50
19	-0.203125	0.50
20	-0.1875	0.50
21	-0.171875	0.50
22	-0.15625	0.50
23	-0.140625	0.50
24	-0.125	0.50
25	-0.109375	0.50
26	-0.09375	0.50
27	-0.078125	0.50
28	-0.0625	0.50
29	-0.046875	0.50
30	-0.03125	0.50
31	-0.015625	0.50
32	0	0.50
33	0.015625	0.50
34	0.03125	0.50
35	0.046875	0.50
36	0.0625	0.50
37	0.078125	0.50
38	0.09375	0.50
39	0.109375	0.50
40	0.125	0.50
41	0.140625	0.50
42	0.15625	0.50
43	0.171875	0.50
44	0.1875	0.50
45	0.203125	0.50
46	0.21875	0.50
47	0.234375	0.50
48	0.25	0.50
49	0.265625	0.50
50	0.28125	0.50
51	0.296875	0.50
52	0.3125	0.50
53	0.328125	0.50
54	0.34375	0.50
55	0.359375	0.50
56	0.375	0.50
57	0.390625	0.50
58	0.40625	0.50
59	0.421875	0.50
60	0.4375	0.50
61	0.453125	0.50
62	0.46875	0.50
63	0.484375	0.50
64	0.5	0.50
65	-0.5	0.4843750
66	-0.484375	0.4843750
67	-0.46875	0.4843750
68	-0.453125	0.4843750
69	-0.4375	0.4843750
70	-0.421875	0.4843750
71	-0.40625	0.4843750
72	-0.390625	0.4843750
73	-0.375	0.4843750
74	-0.359375	0.4843750
75	-0.34375	0.4843750
76	-0.328125	0.4843750
77	-0.3125	0.4843750
78	-0.296875	0.4843750
79	-0.28125	0.4843750
80	-0.265625	0.4843750
81	-0.25	0.4843750
82	-0.234375	0.4843750
83	-0.21875	0.4843750
84	-0.203125	0.4843750
85	-0.1875	0.4843750
86	-0.171875	0.4843750
87	-0.15625	0.4843750
88	-0.140625	0.4843750
89	-0.125	0.4843750
90	-0.109375	0.4843750
91	-0.09375	0.4843750
92	-0.078125	0.4843750
93	-0.0625	0.4843750
94	-0.046875	0.4843750
95	-0.03125	0.4843750
96	-0.015625	0.4843750
97	0	0.4843750
98	0.015625	0.4843750
99	0.03125	0.4843750
100	0.046875	0.4843750
101	0.0625	0.4843750
102	0.078125	0.4843750
103	0.09375	0.4843750
104	0.109375	0.4843750
105	0.125	0.4843750
106	0.140625	0.4843750
107	0.15625	0.4843750
108	0.171875	0.4843750
109	0.1875	0.4843750
110	0.203125	0.4843750
111	0.21875	0.4843750
112	0.234375	0.4843750
113	0.25	0.4843750
114	0.265625	0.4843750
115	0.28125	0.4843750
116	0.296875	0.4843750
117	0.3125	0.4843750
118	0.328125	0.4843750
119	0.34375	0.4843750
120	0.359375	0.4843750
121	0.375	0.4843750
122	0.390625	0.4843750
123	0.40625	0.4843750
124	0.421875	0.4843750
125	0.4375	0.4843750
126	0.453125	0.4843750
127	0.46875	0.4843750
128	0.484375	0.4843750
129	0.5	0.4843750
130	-0.5	0.468750
131	-0.484375	0.468750
132	-0.46875	0.468750
133	-0.453125	0.468750
134	-0.4375	0.468750
135	-0.421875	0.468750
136	-0.40625	0.468750
137	-0.390625	0.468750
138	-0.375	0.468750
139	-0.359375	0.468750
140	-0.34375	0.468750
141	-0.328125	0.468750
142	-0.3125	0.468750
143	-0.296875	0.468750
144	-0.28125	0.468750
145	-0.265625	0.468750
146	-0.25	0.468750
147	-0.234375	0.468750
148	-0.21875	0.468750
149	-0.203125	0.468750
150	-0.1875	0.468750
151	-0.171875	0.468750
152	-0.15625	0.468750
153	-0.140625	0.468750
154	-0.125	0.468750
155	-0.109375	0.468750
156	-0.09375	0.468750
157	-0.078125	0.468750
158	-0.0625	0.468750
159	-0.046875	0.468750
160	-0.03125	0.468750
161	-0.015625	0.468750
162	0	0.468750
163	0.015625	0.468750
164	0.03125	0.468750
165	0.046875	0.468750
166	0.0625	0.468750
167	0.078125	0.468750
168	0.09375	0.468750
169	0.109375	0.468750
170	0.125	0.468750
171	0.140625	0.468750
172	0.15625	0.468750
173	0.171875	0.468750
174	0.1875	0.468750
175	0.203125	0.468750
176	0.21875	0.468750
177	0.234375	0.468750
178	0.25	0.468750
179	0.265625	0.468750
180	0.28125	0.468750
181	0.296875	0.468750
182	0.3125	0.468750
183	0.328125	0.468750
184	0.34375	0.468750
185	0.359375	0.468750
186	0.375	0.468750
187	0.390625	0.468750
188	0.40625	0.468750
189	0.421875	0.468750
190	0.4375	0.468750
191	0.453125	0.468750
192	0.46875	0.468750
193	0.484375	0.468750
194	0.5	0.468750
195	-0.5	0.4531250
196	-0.484375	0.4531250
197	-0.46875	0.4531250
198	-0.453125	0.4531250
199	-0.4375	0.4531250
200	-0.421875	0.4531250
201	-0.40625	0.4531250
202	-0.390625	0.4531250
203	-0.375	0.4531250
204	-0.359375	0.4531250
205	-0.34375	0.4531250
206	-0.328125	0.4531250
207	-0.3125	0.4531250
208	-0.296875	0.4531250
209	-0.28125	0.4531250
210	-0.265625	0.4531250
211	-0.25	0.4531250
212	-0.234375	0.4531250
213	-0.21875	0.4531250
214	-0.203125	0.4531250
215	-0.1875	0.4531250
216	-0.171875	0.4531250
217	-0.15625	0.4531250
218	-0.140625	0.4531250
219	-0.125	0.4531250
220	-0.109375	0.4531250
221	-0.09375	0.4531250
222	-0.078125	0.4531250
223	-0.0625	0.4531250
224	-0.046875	0.4531250
225	-0.03125	0.4531250
226	-0.015625	0.4531250
227	0	0.4531250
228	0.015625	0.4531250
229	0.03125	0.4531250
230	0.046875	0.4531250
231	0.0625	0.4531250
232	0.078125	0.4531250
233	0.09375	0.4531250
234	0.109375	0.4531250
235	0.125	0.4531250
236	0.140625	0.4531250
237	0.15625	0.4531250
238	0.171875	0.4531250
239	0.1875	0.4531250
240	0.203125	0.4531250
241	0.21875	0.4531250
242	0.234375	0.4531250
243	0.25	0.4531250
244	0.265625	0.4531250
245	0.28125	0.4531250
246	0.296875	0.4531250
247	0.3125	0.4531250
248	0.328125	0.4531250
249	0.34375	0.4531250
250	0.359375	0.4531250
251	0.375	0.4531250
252	0.390625	0.4531250
253	0.40625	0.4531250
254	0.421875	0.4531250
255	0.4375	0.4531250
256	0.453125	0.4531250
257	0.46875	0.4531250
258	0.484375	0.4531250
259	0.5	0.4531250
260	-0.5	0.43750
261	-0.484375	0.43750
262	-0.46875	0.43750
263	-0.453125	0.43750
264	-0.4375	0.43750
265	-0.421875	0.43750
266	-0.40625	0.43750
267	-0.390625	0.43750
268	-0.375	0.43750
269	-0.359375	0.43750
270	-0.34375	0.43750
271	-0.328125	0.43750
272	-0.3125	0.43750
273	-0.296875	0.43750
274	-0.28125	0.43750
275	-0.265625	0.43750
276	-0.25	0.43750
277	-0.234375	0.43750
278	-0.21875	0.43750
279	-0.203125	0.43750
280	-0.1875	0.43750
281	-0.171875	0.43750
282	-0.15625	0.43750
283	-0.140625	0.43750
284	-0.125	0.43750
285	-0.109375	0.43750
286	-0.09375	0.43750
287	-0.078125	0.43750
288	-0.0625	0.43750
289	-0.046875	0.43750
290	-0.03125	0.43750
291	-0.015625	0.43750
292	0	0.43750
293	0.015625	0.43750
294	0.03125	0.43750
295	0.046875	0.43750
296	0.0625	0.43750
297	0.078125	0.43750
298	0.09375	0.43750
299	0.109375	0.43750
300	0.125	0.43750
301	0.140625	0.43750
302	0.15625	0.43750
303	0.171875	0.43750
304	0.1875	0.43750
305	0.203125	0.43750
306	0.21875	0.43750
307	0.234375	0.43750
308	0.25	0.43750
309	0.265625	0.43750
310	0.28125	0.43750
311	0.296875	0.43750
312	0.3125	0.43750
313	0.328125	0.43750
314	0.34375	0.43750
315	0.359375	0.43750
316	0.375	0.43750
317	0.390625	0.43750
318	0.40625	0.43750
319	0.421875	0.43750
320	0.4375	0.43750
321	0.453125	0.43750
322	0.46875	0.43750
323	0.484375	0.43750
324	0.5	0.43750
325	-0.5	0.4218750
326	-0.484375	0.4218750
327	-0.46875	0.4218750
328	-0.453125	0.4218750
329	-0.4375	0.4218750
330	-0.421875	0.4218750
331	-0.40625	0.4218750
332	-0.390625	0.4218750
333	-0.375	0.4218750
334	-0.359375	0.4218750
335	-0.34375	0.4218750
336	-0.328125	0.4218750
337	-0.3125	0.4218750
338	-0.296875	0.4218750
339	-0.28125	0.4218750
340	-0.265625	0.4218750
341	-0.25	0.4218750
342	-0.234375	0.4218750
343	-0.21875	0.4218750
344	-0.203125	0.4218750
345	-0.1875	0.4218750
346	-0.171875	0.4218750
347	-0.15625	0.4218750
348	-0.140625	0.4218750
349	-0.125	0.4218750
350	-0.109375	0.4218750
351	-0.09375	0.4218750
352	-0.078125	0.4218750
353	-0.0625	0.4218750
354	-0.046875	0.4218750
355	-0.03125	0.4218750
356	-0.015625	0.4218750
357	0	0.4218750
358	0.015625	0.4218750
359	0.03125	0.4218750
360	0.046875	0.4218750
361	0.0625	0.4218750
362	0.078125	0.4218750
363	0.09375	0.4218750
364	0.109375	0.4218750
365	0.125	0.4218750
366	0.140625	0.4218750
367	0.15625	0.4218750
368	0.171875	0.4218750
369	0.1875	0.4218750
370	0.203125	0.4218750
371	0.21875	0.4218750
372	0.234375	0.4218750
373	0.25	0.4218750
374	0.265625	0.4218750
375	0.28125	0.4218750
376	0.296875	0.4218750
377	0.3125	0.4218750
378	0.328125	0.4218750
379	0.34375	0.4218750
380	0.359375	0.4218750
381	0.375	0.4218750
382	0.390625	0.4218750
383	0.40625	0.4218750
384	0.421875	0.4218750
385	0.4375	0.4218750
386	0.453125	0.4218750
387	0.46875	0.4218750
388	0.484375	0.4218750
389	0.5	0.4218750
390	-0.5	0.406250
391	-0.484375	0.406250
392	-0.46875	0.406250
393	-0.453125	0.406250
394	-0.4375	0.406250
395	-0.421875	0.406250
396	-0.40625	0.406250
397	-0.390625	0.406250
398	-0.375	0.406250
399	-0.359375	0.406250
400	-0.34375	0.406250
401	-0.328125	0.406250
402	-0.3125	0.406250
403	-0.296875	0.406250
404	-0.28125	0.406250
405	-0.265625	0.406250
406	-0.25	0.406250
407	-0.234375	0.406250
408	-0.21875	0.406250
409	-0.203125	0.406250
410	-0.1875	0.406250
411	-0.171875	0.406250
412	-0.15625	0.406250
413	-0.140625	0.406250
414	-0.125	0.406250
415	-0.109375	0.406250
416	-0.09375	0.406250
417	-0.078125	0.406250
418	-0.0625	0.406250
419	-0.046875	0.406250
420	-0.03125	0.406250
421	-0.015625	0.406250
422	0	0.406250
423	0.015625	0.406250
424	0.03125	0.406250
425	0.046875	0.406250
426	0.0625	0.406250
427	0.078125	0.406250
428	0.09375	0.406250
429	0.109375	0.406250
430	0.125	0.406250
431	0.140625	0.406250
432	0.15625	0.406250
433	0.171875	0.406250
434	0.1875	0.406250
435	0.203125	0.406250
436	0.21875	0.406250
437	0.234375	0.406250
438	0.25	0.406250
439	0.265625	0.406250
440	0.28125	0.406250
441	0.296875	0.406250
442	0.3125	0.406250
443	0.328125	0.406250
444	0.34375	0.406250
445	0.359375	0.406250
446	0.375	0.406250
447	0.390625	0.406250
448	0.40625	0.406250
449	0.421875	0.406250
450	0.4375	0.406250
451	0.453125	0.406250
452	0.46875	0.406250
453	0.484375	0.406250
454	0.5	0.406250
455	-0.5	0.3906250
456	-0.484375	0.3906250
457	-0.46875	0.3906250
458	-0.453125	0.3906250
459	-0.4375	0.3906250
460	-0.421875	0.3906250
461	-0.40625	0.3906250
462	-0.390625	0.3906250
463	-0.375	0.3906250
464	-0.359375	0.3906250
465	-0.34375	0.3906250
466	-0.328125	0.3906250
467	-0.3125	0.3906250
468	-0.296875	0.3906250
469	-0.28125	0.3906250
470	-0.265625	0.3906250
471	-0.25	0.3906250
472	-0.234375	0.3906250
473	-0.21875	0.3906250
474	-0.203125	0.3906250
475	-0.1875	0.3906250
476	-0.171875	0.3906250
477	-0.15625	0.3906250
478	-0.140625	0.3906250
479	-0.125	0.3906250
480	-0.109375	0.3906250
481	-0.09375	0.3906250
482	-0.078125	0.3906250
483	-0.0625	0.3906250
484	-0.046875	0.3906250
485	-0.03125	0.3906250
486	-0.015625	0.3906250
487	0	0.3906250
488	0.015625	0.3906250
489	0.03125	0.3906250
490	0.046875	0.3906250
491	0.0625	0.3906250
492	0.078125	0.3906250
493	0.09375	0.3906250
494	0.109375	0.3906250
495	0.125	0.3906250
496	0.140625	0.3906250
497	0.15625	0.3906250
498	0.171875	0.3906250
499	0.1875	0.3906250
500	0.203125	0.3906250
501	0.21875	0.3906250
502	0.234375	0.3906250
503	0.25	0.3906250
504	0.265625	0.3906250
505	0.28125	0.3906250
506	0.296875	0.3906250
507	0.3125	0.3906250
508	0.328125	0.3906250
509	0.34375	0.3906250
510	0.359375	0.3906250
511	0.375	0.3906250
512	0.390625	0.3906250
513	0.40625	0.3906250
514	0.421875	0.3906250
515	0.4375	0.3906250
516	0.453125	0.3906250
517	0.46875	0.3906250
518	0.484375	0.3906250
519	0.5	0.3906250
520	-0.5	0.3750
521	-0.484375	0.3750
522	-0.46875	0.3750
523	-0.453125	0.3750
524	-0.4375	0.3750
525	-0.421875	0.3750
526	-0.40625	0.3750
527	-0.390625	0.3750
528	-0.375	0.3750
529	-0.359375	0.3750
530	-0.34375	0.3750
531	-0.328125	0.3750
532	-0.3125	0.3750
533	-0.296875	0.3750
534	-0.28125	0.3750
535	-0.265625	0.3750
536	-0.25	0.3750
537	-0.234375	0.3750
538	-0.21875	0.3750
539	-0.203125	0.3750
540	-0.1875	0.3750
541	-0.171875	0.3750
542	-0.15625	0.3750
543	-0.140625	0.3750
544	-0.125	0.3750
545	-0.109375	0.3750
546	-0.09375	0.3750
547	-0.078125	0.3750
548	-0.0625	0.3750
549	-0.046875	0.3750
550	-0.03125	0.3750
551	-0.015625	0.3750
552	0	0.3750
553	0.015625	0.3750
554	0.03125	0.3750
555	0.046875	0.3750
556	0.0625	0.3750
557	0.078125	0.3750
558	0.09375	0.3750
559	0.109375	0.3750
560	0.125	0.3750
561	0.140625	0.3750
562	0.15625	0.3750
563	0.171875	0.3750
564	0.1875	0.3750
565	0.203125	0.3750
566	0.21875	0.3750
567	0.234375	0.3750
568	0.25	0.3750
569	0.265625	0.3750
570	0.28125	0.3750
571	0.296875	0.3750
572	0.3125	0.3750
573	0.328125	0.3750
574	0.34375	0.3750
575	0.359375	0.3750
576	0.375	0.3750
577	0.390625	0.3750
578	0.40625	0.3750
579	0.421875	0.3750
580	0.4375	0.3750
581	0.453125	0.3750
582	0.46875	0.3750
583	0.484375	0.3750
584	0.5	0.3750
585	-0.5	0.3593750
586	-0.484375	0.3593750
587	-0.46875	0.3593750
588	-0.453125	0.3593750
589	-0.4375	0.3593750
590	-0.421875	0.3593750
591	-0.40625	0.3593750
592	-0.390625	0.3593750
593	-0.375	0.3593750
594	-0.359375	0.3593750
595	-0.34375	0.3593750
596	-0.328125	0.3593750
597	-0.3125	0.3593750
598	-0.296875	0.3593750
599	-0.28125	0.3593750
600	-0.265625	0.3593750
601	-0.25	0.3593750
602	-0.234375	0.3593750
603	-0.21875	0.3593750
604	-0.203125	0.3593750
605	-0.1875	0.3593750
606	-0.171875	0.3593750
607	-0.15625	0.3593750
608	-0.140625	0.3593750
609	-0.125	0.3593750
610	-0.109375	0.3593750
611	-0.09375	0.3593750
612	-0.078125	0.3593750
613	-0.0625	0.3593750
614	-0.046875	0.3593750
615	-0.03125	0.3593750
616	-0.015625	0.3593750
617	0	0.3593750
618	0.015625	0.3593750
619	0.03125	0.3593750
620	0.046875	0.3593750
621	0.0625	0.3593750
622	0.078125	0.3593750
623	0.09375	0.3593750
624	0.109375	0.3593750
625	0.125	0.3593750
626	0.140625	0.3593750
627	0.15625	0.3593750
628	0.171875	0.3593750
629	0.1875	0.3593750
630	0.203125	0.3593750
631	0.21875	0.3593750
632	0.234375	0.3593750
633	0.25	0.3593750
634	0.265625	0.3593750
635	0.28125	0.3593750
636	0.296875	0.3593750
637	0.3125	0.3593750
638	0.328125	0.3593750
639	0.34375	0.3593750
640	0.359375	0.3593750
641	0.375	0.3593750
642	0.390625	0.3593750
643	0.40625	0.3593750
644	0.421875	0.3593750
645	0.4375	0.3593750
646	0.453125	0.3593750
647	0.46875	0.3593750
648	0.484375	0.3593750
649	0.5	0.3593750
650	-0.5	0.343750
651	-0.484375	0.343750
652	-0.46875	0.343750
653	-0.453125	0.343750
654	-0.4375	0.343750
655	-0.421875	0.343750
656	-0.40625	0.343750
657	-0.390625	0.343750
658	-0.375	0.343750
659	-0.359375	0.343750
660	-0.34375	0.343750
661	-0.328125	0.343750
662	-0.3125	0.343750
663	-0.296875	0.343750
664	-0.28125	0.343750
665	-0.265625	0.343750
666	-0.25	0.343750
667	-0.234375	0.343750
668	-0.21875	0.343750
669	-0.203125	0.343750
670	-0.1875	0.343750
671	-0.171875	0.343750
672	-0.15625	0.343750
673	-0.140625	0.343750
674	-0.125	0.343750
675	-0.109375	0.343750
676	-0.09375	0.343750
677	-0.078125	0.343750
678	-0.0625	0.343750
679	-0.046875	0.343750
680	-0.03125	0.343750
681	-0.015625	0.343750
682	0	0.343750
683	0.015625	0.343750
684	0.03125	0.343750
685	0.046875	0.343750
686	0.0625	0.343750
687	0.078125	0.343750
688	0.09375	0.343750
689	0.109375	0.343750
690	0.125	0.343750
691	0.140625	0.343750
692	0.15625	0.343750
693	0.171875	0.343750
694	0.1875	0.343750
695	0.203125	0.343750
696	0.21875	0.343750
697	0.234375	0.343750
698	0.25	0.343750
699	0.265625	0.343750
700	0.28125	0.343750
701	0.296875	0.343750
702	0.3125	0.343750
703	0.328125	0.343750
704	0.34375	0.343750
705	0.359375	0.343750
706	0.375	0.343750
707	0.390625	0.343750
708	0.40625	0.343750
709	0.421875	0.343750
710	0.4375	0.343750
711	0.453125	0.343750
712	0.46875	0.343750
713	0.484375	0.343750
714	0.5	0.343750
715	-0.5	0.3281250
716	-0.484375	0.3281250
717	-0.46875	0.3281250
718	-0.453125	0.3281250
719	-0.4375	0.3281250
720	-0.421875	0.3281250
721	-0.40625	0.3281250
722	-0.390625	0.3281250
723	-0.375	0.3281250
724	-0.359375	0.3281250
725	-0.34375	0.3281250
726	-0.328125	0.3281250
727	-0.3125	0.3281250
728	-0.296875	0.3281250
729	-0.28125	0.3281250
730	-0.265625	0.3281250
731	-0.25	0.3281250
732	-0.234375	0.3281250
733	-0.21875	0.3281250
734	-0.203125	0.3281250
735	-0.1875	0.3281250
736	-0.171875	0.3281250
737	-0.15625	0.3281250
738	-0.140625	0.3281250
739	-0.125	0.3281250
740	-0.109375	0.3281250
741	-0.09375	0.3281250
742	-0.078125	0.3281250
743	-0.0625	0.3281250
744	-0.046875	0.3281250
745	-0.03125	0.3281250
746	-0.015625	0.3281250
747	0	0.3281250
748	0.015625	0.3281250
749	0.03125	0.3281250
750	0.046875	0.3281250
751	0.0625	0.3281250
752	0.078125	0.3281250
753	0.09375	0.3281250
754	0.109375	0.3281250
755	0.125	0.3281250
756	0.140625	0.3281250
757	0.15625	0.3281250
758	0.171875	0.3281250
759	0.1875	0.3281250
760	0.203125	0.3281250
761	0.21875	0.3281250
762	0.234375	0.3281250
763	0.25	0.3281250
764	0.265625	0.3281250
765	0.28125	0.3281250
766	0.296875	0.3281250
767	0.3125	0.3281250
768	0.328125	0.3281250
769	0.34375	0.3281250
770	0.359375	0.3281250
771	0.375	0.3281250
772	0.390625	0.3281250
773	0.40625	0.3281250
774	0.421875	0.3281250
775	0.4375	0.3281250
776	0.453125	0.3281250
777	0.46875	0.3281250
778	0.484375	0.3281250
779	0.5	0.3281250
780	-0.5	0.31250
781	-0.484375	0.31250
782	-0.46875	0.31250
783	-0.453125	0.31250
784	-0.4375	0.31250
785	-0.421875	0.31250
786	-0.40625	0.31250
787	-0.390625	0.31250
788	-0.375	0.31250
789	-0.359375	0.31250
790	-0.34375	0.31250
791	-0.328125	0.31250
792	-0.3125	0.31250
793	-0.296875	0.31250
794	-0.28125	0.31250
795	-0.265625	0.31250
796	-0.25	0.31250
797	-0.234375	0.31250
798	-0.21875	0.31250
799	-0.203125	0.31250
800	-0.1875	0.31250
801	-0.171875	0.31250
802	-0.15625	0.31250
803	-0.140625	0.31250
804	-0.125	0.31250
805	-0.109375	0.31250
806	-0.09375	0.31250
807	-0.078125	0.31250
808	-0.0625	0.31250
809	-0.046875	0.31250
810	-0.03125	0.31250
811	-0.015625	0.31250
812	0	0.31250
813	0.015625	0.31250
814	0.03125	0.31250
815	0.046875	0.31250
816	0.0625	0.31250
817	0.078125	0.31250
818	0.09375	0.31250
819	0.109375	0.31250
820	0.125	0.31250
821	0.140625	0.31250
822	0.15625	0.31250
823	0.171875	0.31250
824	0.1875	0.31250
825	0.203125	0.31250
826	0.21875	0.31250
827	0.234375	0.31250
828	0.25	0.31250
829	0.265625	0.31250
830	0.28125	0.31250
831	0.296875	0.31250
832	0.3125	0.31250
833	0.328125	0.31250
834	0.34375	0.31250
835	0.359375	0.31250
836	0.375	0.31250
837	0.390625	0.31250
838	0.40625	0.31250
839	0.421875	0.31250
840	0.4375	0.31250
841	0.453125	0.31250
842	0.46875	0.31250
843	0.484375	0.31250
844	0.5	0.31250
845	-0.5	0.2968750
846	-0.484375	0.2968750
847	-0.46875	0.2968750
848	-0.453125	0.2968750
849	-0.4375	0.2968750
850	-0.421875	0.2968750
851	-0.40625	0.2968750
852	-0.390625	0.2968750
853	-0.375	0.2968750
854	-0.359375	0.2968750
855	-0.34375	0.2968750
856	-0.328125	0.2968750
857	-0.3125	0.2968750
858	-0.296875	0.2968750
859	-0.28125	0.2968750
860	-0.265625	0.2968750
861	-0.25	0.2968750
862	-0.234375	0.2968750
863	-0.21875	0.2968750
864	-0.203125	0.2968750
865	-0.1875	0.2968750
866	-0.171875	0.2968750
867	-0.15625	0.2968750
868	-0.140625	0.2968750
869	-0.125	0.2968750
870	-0.109375	0.2968750
871	-0.09375	0.2968750
872	-0.078125	0.2968750
873	-0.0625	0.2968750
874	-0.046875	0.2968750
875	-0.03125	0.2968750
876	-0.015625	0.2968750
877	0	0.2968750
878	0.015625	0.2968750
879	0.03125	0.2968750
880	0.046875	0.2968750
881	0.0625	0.2968750
882	0.078125	0.2968750
883	0.09375	0.2968750
884	0.109375	0.2968750
885	0.125	0.2968750
886	0.140625	0.2968750
887	0.15625	0.2968750
888	0.171875	0.2968750
889	0.1875	0.2968750
890	0.203125	0.2968750
891	0.21875	0.2968750
892	0.234375	0.2968750
893	0.25	0.2968750
894	0.265625	0.2968750
895	0.28125	0.2968750
896	0.296875	0.2968750
897	0.3125	0.2968750
898	0.328125	0.2968750
899	0.34375	0.2968750
900	0.359375	0.2968750
901	0.375	0.2968750
902	0.390625	0.2968750
903	0.40625	0.2968750
904	0.421875	0.2968750
905	0.4375	0.2968750
906	0.453125	0.2968750
907	0.46875	0.2968750
908	0.484375	0.2968750
909	0.5	0.2968750
910	-0.5	0.281250
911	-0.484375	0.281250
912	-0.46875	0.281250
913	-0.453125	0.281250
914	-0.4375	0.281250
915	-0.421875	0.281250
916	-0.40625	0.281250
917	-0.390625	0.281250
918	-0.375	0.281250
919	-0.359375	0.281250
920	-0.34375	0.281250
921	-0.328125	0.281250
922	-0.3125	0.281250
923	-0.296875	0.281250
924	-0.28125	0.281250
925	-0.265625	0.281250
926	-0.25	0.281250
927	-0.234375	0.281250
928	-0.21875	0.281250
929	-0.203125	0.281250
930	-0.1875	0.281250
931	-0.171875	0.281250
932	-0.15625	0.281250
933	-0.140625	0.281250
934	-0.125	0.281250
935	-0.109375	0.281250
936	-0.09375	0.281250
937	-0.078125	0.281250
938	-0.0625	0.281250
939	-0.046875	0.281250
940	-0.03125	0.281250
941	-0.015625	0.281250
942	0	0.281250
943	0.015625	0.281250
944	0.03125	0.281250
945	0.046875	0.281250
946	0.0625	0.281250
947	0.078125	0.281250
948	0.09375	0.281250
949	0.109375	0.281250
950	0.125	0.281250
951	0.140625	0.281250
952	0.15625	0.281250
953	0.171875	0.281250
954	0.1875	0.281250
955	0.203125	0.281250
956	0.21875	0.281250
957	0.234375	0.281250
958	0.25	0.281250
959	0.265625	0.281250
960	0.28125	0.281250
961	0.296875	0.281250
962	0.3125	0.281250
963	0.328125	0.281250
964	0.34375	0.281250
965	0.359375	0.281250
966	0.375	0.281250
967	0.390625	0.281250
968	0.40625	0.281250
969	0.421875	0.281250
970	0.4375	0.281250
971	0.453125	0.281250
972	0.46875	0.281250
973	0.484375	0.281250
974	0.5	0.281250
975	-0.5	0.2656250
976	-0.484375	0.2656250
977	-0.46875	0.2656250
978	-0.453125	0.2656250
979	-0.4375	0.2656250
980	-0.421875	0.2656250
981	-0.40625	0.2656250
982	-0.390625	0.2656250
983	-0.375	0.2656250
984	-0.359375	0.2656250
985	-0.34375	0.2656250
986	-0.328125	0.2656250
987	-0.3125	0.2656250
988	-0.296875	0.2656250
989	-0.28125	0.2656250
990	-0.265625	0.2656250
991	-0.25	0.2656250
992	-0.234375	0.2656250
993	-0.21875	0.2656250
994	-0.203125	0.2656250
995	-0.1875	0.2656250
996	-0.171875	0.2656250
997	-0.15625	0.2656250
998	-0.140625	0.2656250
999	-0.125	0.2656250
1000	-0.109375	0.2656250
1001	-0.09375	0.2656250
1002	-0.078125	0.2656250
1003	-0.0625	0.2656250
1004	-0.046875	0.2656250
1005	-0.03125	0.2656250
1006	-0.015625	0.2656250
1007	0	0.2656250
1008	0.015625	0.2656250
1009	0.03125	0.2656250
1010	0.046875	0.2656250
1011	0.0625	0.2656250
1012	0.078125	0.2656250
1013	0.09375	0.2656250
1014	0.109375	0.2656250
1015	0.125	0.2656250
1016	0.140625	0.2656250
1017	0.15625	0.2656250
1018	0.171875	0.2656250
1019	0.1875	0.2656250
1020	0.203125	0.2656250
1021	0.21875	0.2656250
1022	0.234375	0.2656250
1023	0.25	0.2656250
1024	0.265625	0.2656250
1025	0.28125	0.2656250
1026	0.296875	0.2656250
1027	0.3125	0.2656250
1028	0.328125	0.2656250
1029	0.34375	0.2656250
1030	0.359375	0.2656250
1031	0.375	0.2656250
1032	0.390625	0.2656250
1033	0.40625	0.2656250
1034	0.421875	0.2656250
1035	0.4375	0.2656250
1036	0.453125	0.2656250
1037	0.46875	0.2656250
1038	0.484375	0.2656250
1039	0.5	0.2656250
1040	-0.5	0.250
1041	-0.484375	0.250
1042	-0.46875	0.250
1043	-0.453125	0.250
1044	-0.4375	0.250
1045	-0.421875	0.250
1046	-0.40625	0.250
1047	-0.390625	0.250
1048	-0.375	0.250
1049	-0.359375	0.250
1050	-0.34375	0.250
1051	-0.328125	0.250
1052	-0.3125	0.250
1053	-0.296875	0.250
1054	-0.28125	0.250
1055	-0.265625	0.250
1056	-0.25	0.250
1057	-0.234375	0.250
1058	-0.21875	0.250
1059	-0.203125	0.250
1060	-0.1875	0.250
1061	-0.171875	0.250
1062	-0.15625	0.250
1063	-0.140625	0.250
1064	-0.125	0.250
1065	-0.109375	0.250
1066	-0.09375	0.250
1067	-0.078125	0.250
1068	-0.0625	0.250
1069	-0.046875	0.250
1070	-0.03125	0.250
1071	-0.015625	0.250
1072	0	0.250
1073	0.015625	0.250
1074	0.03125	0.250
1075	0.046875	0.250
1076	0.0625	0.250
1077	0.078125	0.250
1078	0.09375	0.250
1079	0.109375	0.250
1080	0.125	0.250
1081	0.140625	0.250
1082	0.15625	0.250
1083	0.171875	0.250
1084	0.1875	0.250
1085	0.203125	0.250
1086	0.21875	0.250
1087	0.234375	0.250
1088	0.25	0.250
1089	0.265625	0.250
1090	0.28125	0.250
1091	0.296875	0.250
1092	0.3125	0.250
1093	0.328125	0.250
1094	0.34375	0.250
1095	0.359375	0.250
1096	0.375	0.250
1097	0.390625	0.250
1098	0.40625	0.250
1099	0.421875	0.250
1100	0.4375	0.250
1101	0.453125	0.250
1102	0.46875	0.250
1103	0.484375	0.250
1104	0.5	0.250
1105	-0.5	0.2343750
1106	-0.484375	0.2343750
1107	-0.46875	0.2343750
1108	-0.453125	0.2343750
1109	-0.4375	0.2343750
1110	-0.421875	0.2343750
1111	-0.40625	0.2343750
1112	-0.390625	0.2343750
1113	-0.375	0.2343750
1114	-0.359375	0.2343750
1115	-0.34375	0.2343750
1116	-0.328125	0.2343750
1117	-0.3125	0.2343750
1118	-0.296875	0.2343750
1119	-0.28125	0.2343750
1120	-0.265625	0.2343750
1121	-0.25	0.2343750
1122	-0.234375	0.2343750
1123	-0.21875	0.2343750
1124	-0.203125	0.2343750
1125	-0.1875	0.2343750
1126	-0.171875	0.2343750
1127	-0.15625	0.2343750
1128	-0.140625	0.2343750
1129	-0.125	0.2343750
1130	-0.109375	0.2343750
1131	-0.09375	0.2343750
1132	-0.078125	0.2343750
1133	-0.0625	0.2343750
1134	-0.046875	0.2343750
1135	-0.03125	0.2343750
1136	-0.015625	0.2343750
1137	0	0.2343750
1138	0.015625	0.2343750
1139	0.03125	0.2343750
1140	0.046875	0.2343750
1141	0.0625	0.2343750
1142	0.078125	0.2343750
1143	0.09375	0.2343750
1144	0.109375	0.2343750
1145	0.125	0.2343750
1146	0.140625	0.2343750
1147	0.15625	0.2343750
1148	0.171875	0.2343750
1149	0.1875	0.2343750
1150	0.203125	0.2343750
1151	0.21875	0.2343750
1152	0.234375	0.2343750
1153	0.25	0.2343750
1154	0.265625	0.2343750
1155	0.28125	0.2343750
1156	0.296875	0.2343750
1157	0.3125	0.2343750
1158	0.328125	0.2343750
1159	0.34375	0.2343750
1160	0.359375	0.2343750
1161	0.375	0.2343750
1162	0.390625	0.2343750
1163	0.40625	0.2343750
1164	0.421875	0.2343750
1165	0.4375	0.2343750
1166	0.453125	0.2343750
1167	0.46875	0.2343750
1168	0.484375	0.2343750
1169	0.5	0.2343750
1170	-0.5	0.218750
1171	-0.484375	0.218750
1172	-0.46875	0.218750
1173	-0.453125	0.218750
1174	-0.4375	0.218750
1175	-0.421875	0.218750
1176	-0.40625	0.218750
1177	-0.390625	0.218750
1178	-0.375	0.218750
1179	-0.359375	0.218750
1180	-0.34375	0.218750
1181	-0.328125	0.218750
1182	-0.3125	0.218750
1183	-0.296875	0.218750
1184	-0.28125	0.218750
1185	-0.265625	0.218750
1186	-0.25	0.218750
1187	-0.234375	0.218750
1188	-0.21875	0.218750
1189	-0.203125	0.218750
1190	-0.1875	0.218750
1191	-0.171875	0.218750
1192	-0.15625	0.218750
1193	-0.140625	0.218750
1194	-0.125	0.218750
1195	-0.109375	0.218750
1196	-0.09375	0.218750
1197	-0.078125	0.218750
1198	-0.0625	0.218750
1199	-0.046875	0.218750
1200	-0.03125	0.218750
1201	-0.015625	0.218750
1202	0	0.218750
1203	0.015625	0.218750
1204	0.03125	0.218750
1205	0.046875	0.218750
1206	0.0625	0.218750
1207	0.078125	0.218750
1208	0.09375	0.218750
1209	0.109375	0.218750
1210	0.125	0.218750
1211	0.140625	0.218750
1212	0.15625	0.218750
1213	0.171875	0.218750
1214	0.1875	0.218750
1215	0.203125	0.218750
1216	0.21875	0.218750
1217	0.234375	0.218750
1218	0.25	0.218750
1219	0.265625	0.218750
1220	0.28125	0.218750
1221	0.296875	0.218750
1222	0.3125	0.218750
1223	0.328125	0.218750
1224	0.34375	0.218750
1225	0.359375	0.218750
1226	0.375	0.218750
1227	0.390625	0.218750
1228	0.40625	0.218750
1229	0.421875	0.218750
1230	0.4375	0.218750
1231	0.453125	0.218750
1232	0.46875	0.218750
1233	0.484375	0.218750
1234	0.5	0.218750
1235	-0.5	0.2031250
1236	-0.484375	0.2031250
1237	-0.46875	0.2031250
1238	-0.453125	0.2031250
1239	-0.4375	0.2031250
1240	-0.421875	0.2031250
1241	-0.40625	0.2031250
1242	-0.390625	0.2031250
1243	-0.375	0.2031250
1244	-0.359375	0.2031250
1245	-0.34375	0.2031250
1246	-0.328125	0.2031250
1247	-0.3125	0.2031250
1248	-0.296875	0.2031250
1249	-0.28125	0.2031250
1250	-0.265625	0.2031250
1251	-0.25	0.2031250
1252	-0.234375	0.2031250
1253	-0.21875	0.2031250
1254	-0.203125	0.2031250
1255	-0.1875	0.2031250
1256	-0.171875	0.2031250
1257	-0.15625	0.2031250
1258	-0.140625	0.2031250
1259	-0.125	0.2031250
1260	-0.109375	0.2031250
1261	-0.09375	0.2031250
1262	-0.078125	0.2031250
1263	-0.0625	0.2031250
1264	-0.046875	0.2031250
1265	-0.03125	0.2031250
1266	-0.015625	0.2031250
1267	0	0.2031250
1268	0.015625	0.2031250
1269	0.03125	0.2031250
1270	0.046875	0.2031250
1271	0.0625	0.2031250
1272	0.078125	0.2031250
1273	0.09375	0.2031250
1274	0.109375	0.2031250
1275	0.125	0.2031250
1276	0.140625	0.2031250
1277	0.15625	0.2031250
1278	0.171875	0.2031250
1279	0.1875	0.2031250
1280	0.203125	0.2031250
1281	0.21875	0.2031250
1282	0.234375	0.2031250
1283	0.25	0.2031250
1284	0.265625	0.2031250
1285	0.28125	0.2031250
1286	0.296875	0.2031250
1287	0.3125	0.2031250
1288	0.328125	0.2031250
1289	0.34375	0.2031250
1290	0.359375	0.2031250
1291	0.375	0.2031250
1292	0.390625	0.2031250
1293	0.40625	0.2031250
1294	0.421875	0.2031250
1295	0.4375	0.2031250
1296	0.453125	0.2031250
1297	0.46875	0.2031250
1298	0.484375	0.2031250
1299	0.5	0.2031250
1300	-0.5	0.18750
1301	-0.484375	0.18750
1302	-0.46875	0.18750
1303	-0.453125	0.18750
1304	-0.4375	0.18750
1305	-0.421875	0.18750
1306	-0.40625	0.18750
1307	-0.390625	0.18750
1308	-0.375	0.18750
1309	-0.359375	0.18750
1310	-0.34375	0.18750
1311	-0.328125	0.18750
1312	-0.3125	0.18750
1313	-0.296875	0.18750
1314	-0.28125	0.18750
1315	-0.265625	0.18750
1316	-0.25	0.18750
1317	-0.234375	0.18750
1318	-0.21875	0.18750
1319	-0.203125	0.18750
1320	-0.1875	0.18750
1321	-0.171875	0.18750
1322	-0.15625	0.18750
1323	-0.140625	0.18750
1324	-0.125	0.18750
1325	-0.109375	0.18750
1326	-0.09375	0.18750
1327	-0.078125	0.18750
1328	-0.0625	0.18750
1329	-0.046875	0.18750
1330	-0.03125	0.18750
1331	-0.015625	0.18750
1332	0	0.18750
1333	0.015625	0.18750
1334	0.03125	0.18750
1335	0.046875	0.18750
1336	0.0625	0.18750
1337	0.078125	0.18750
1338	0.09375	0.18750
1339	0.109375	0.18750
1340	0.125	0.18750
1341	0.140625	0.18750
1342	0.15625	0.18750
1343	0.171875	0.18750
1344	0.1875	0.18750
1345	0.203125	0.18750
1346	0.21875	0.18750
1347	0.234375	0.18750
1348	0.25	0.18750
1349	0.265625	0.18750
1350	0.28125	0.18750
1351	0.296875	0.18750
1352	0.3125	0.18750
1353	0.328125	0.18750
1354	0.34375	0.18750
1355	0.359375	0.18750
1356	0.375	0.18750
1357	0.390625	0.18750
1358	0.40625	0.18750
1359	0.421875	0.18750
1360	0.4375	0.18750
1361	0.453125	0.18750
1362	0.46875	0.18750
1363	0.484375	0.18750
1364	0.5	0.18750
1365	-0.5	0.1718750
1366	-0.484375	0.1718750
1367	-0.46875	0.1718750
1368	-0.453125	0.1718750
1369	-0.4375	0.1718750
1370	-0.421875	0.1718750
1371	-0.40625	0.1718750
1372	-0.390625	0.1718750
1373	-0.375	0.1718750
1374	-0.359375	0.1718750
1375	-0.34375	0.1718750
1376	-0.328125	0.1718750
1377	-0.3125	0.1718750
1378	-0.296875	0.1718750
1379	-0.28125	0.1718750
1380	-0.265625	0.1718750
1381	-0.25	0.1718750
1382	-0.234375	0.1718750
1383	-0.21875	0.1718750
1384	-0.203125	0.1718750
1385	-0.1875	0.1718750
1386	-0.171875	0.1718750
1387	-0.15625	0.1718750
1388	-0.140625	0.1718750
1389	-0.125	0.1718750
1390	-0.109375	0.1718750
1391	-0.09375	0.1718750
1392	-0.078125	0.1718750
1393	-0.0625	0.1718750
1394	-0.046875	0.1718750
1395	-0.03125	0.1718750
1396	-0.015625	0.1718750
1397	0	0.1718750
1398	0.015625	0.1718750
1399	0.03125	0.1718750
1400	0.046875	0.1718750
1401	0.0625	0.1718750
1402	0.078125	0.1718750
1403	0.09375	0.1718750
1404	0.109375	0.1718750
1405	0.125	0.1718750
1406	0.140625	0.1718750
1407	0.15625	0.1718750
1408	0.171875	0.1718750
1409	0.1875	0.1718750
1410	0.203125	0.1718750
1411	0.21875	0.1718750
1412	0.234375	0.1718750
1413	0.25	0.1718750
1414	0.265625	0.1718750
1415	0.28125	0.1718750
1416	0.296875	0.1718750
1417	0.3125	0.1718750
1418	0.328125	0.1718750
1419	0.34375	0.1718750
1420	0.359375	0.1718750
1421	0.375	0.1718750
1422	0.390625	0.1718750
1423	0.40625	0.1718750
1424	0.421875	0.1718750
1425	0.4375	0.1718750
1426	0.453125	0.1718750
1427	0.46875	0.1718750
1428	0.484375	0.1718750
1429	0.5	0.1718750
1430	-0.5	0.156250
1431	-0.484375	0.156250
1432	-0.46875	0.156250
1433	-0.453125	0.156250
1434	-0.4375	0.156250
1435	-0.421875	0.156250
1436	-0.40625	0.156250
1437	-0.390625	0.156250
1438	-0.375	0.156250
1439	-0.359375	0.156250
1440	-0.34375	0.156250
1441	-0.328125	0.156250
1442	-0.3125	0.156250
1443	-0.296875	0.156250
1444	-0.28125	0.156250
1445	-0.265625	0.156250
1446	-0.25	0.156250
1447	-0.234375	0.156250
1448	-0.21875	0.156250
1449	-0.203125	0.156250
1450	-0.1875	0.156250
1451	-0.171875	0.156250
1452	-0.15625	0.156250
1453	-0.140625	0.156250
1454	-0.125	0.156250
1455	-0.109375	0.156250
1456	-0.09375	0.156250
1457	-0.078125	0.156250
1458	-0.0625	0.156250
1459	-0.046875	0.156250
1460	-0.03125	0.156250
1461	-0.015625	0.156250
1462	0	0.156250
1463	0.015625	0.156250
1464	0.03125	0.156250
1465	0.046875	0.156250
1466	0.0625	0.156250
1467	0.078125	0.156250
1468	0.09375	0.156250
1469	0.109375	0.156250
1470	0.125	0.156250
1471	0.140625	0.156250
1472	0.15625	0.156250
1473	0.171875	0.156250
1474	0.1875	0.156250
1475	0.203125	0.156250
1476	0.21875	0.156250
1477	0.234375	0.156250
1478	0.25	0.156250
1479	0.265625	0.156250
1480	0.28125	0.156250
1481	0.296875	0.156250
1482	0.3125	0.156250
1483	0.328125	0.156250
1484	0.34375	0.156250
1485	0.359375	0.156250
1486	0.375	0.156250
1487	0.390625	0.156250
1488	0.40625	0.156250
1489	0.421875	0.156250
1490	0.4375	0.156250
1491	0.453125	0.156250
1492	0.46875	0.156250
1493	0.484375	0.156250
1494	0.5	0.156250
1495	-0.5	0.1406250
1496	-0.484375	0.1406250
1497	-0.46875	0.1406250
1498	-0.453125	0.1406250
1499	-0.4375	0.1406250
1500	-0.421875	0.1406250
1501	-0.40625	0.1406250
1502	-0.390625	0.1406250
1503	-0.375	0.1406250
1504	-0.359375	0.1406250
1505	-0.34375	0.1406250
1506	-0.328125	0.1406250
1507	-0.3125	0.1406250
1508	-0.296875	0.1406250
1509	-0.28125	0.1406250
1510	-0.265625	0.1406250
1511	-0.25	0.1406250
1512	-0.234375	0.1406250
1513	-0.21875	0.1406250
1514	-0.203125	0.1406250
1515	-0.1875	0.1406250
1516	-0.171875	0.1406250
1517	-0.15625	0.1406250
1518	-0.140625	0.1406250
1519	-0.125	0.1406250
1520	-0.109375	0.1406250
1521	-0.09375	0.1406250
1522	-0.078125	0.1406250
1523	-0.0625	0.1406250
1524	-0.046875	0.1406250
1525	-0.03125	0.1406250
1526	-0.015625	0.1406250
1527	0	0.1406250
1528	0.015625	0.1406250
1529	0.03125	0.1406250
1530	0.046875	0.1406250
1531	0.0625	0.1406250
1532	0.078125	0.1406250
1533	0.09375	0.1406250
1534	0.109375	0.1406250
1535	0.125	0.1406250
1536	0.140625	0.1406250
1537	0.15625	0.1406250
1538	0.171875	0.1406250
1539	0.1875	0.1406250
1540	0.203125	0.1406250
1541	0.21875	0.1406250
1542	0.234375	0.1406250
1543	0.25	0.1406250
1544	0.265625	0.1406250
1545	0.28125	0.1406250
1546	0.296875	0.1406250
1547	0.3125	0.1406250
1548	0.328125	0.1406250
1549	0.34375	0.1406250
1550	0.359375	0.1406250
1551	0.375	0.1406250
1552	0.390625	0.1406250
1553	0.40625	0.1406250
1554	0.421875	0.1406250
1555	0.4375	0.1406250
1556	0.453125	0.1406250
1557	0.46875	0.1406250
1558	0.484375	0.1406250
1559	0.5	0.1406250
1560	-0.5	0.1250
1561	-0.484375	0.1250
1562	-0.46875	0.1250
1563	-0.453125	0.1250
1564	-0.4375	0.1250
1565	-0.421875	0.1250
1566	-0.40625	0.1250
1567	-0.390625	0.1250
1568	-0.375	0.1250
1569	-0.359375	0.1250
1570	-0.34375	0.1250
1571	-0.328125	0.1250
1572	-0.3125	0.1250
1573	-0.296875	0.1250
1574	-0.28125	0.1250
1575	-0.265625	0.1250
1576	-0.25	0.1250
1577	-0.234375	0.1250
1578	-0.21875	0.1250
1579	-0.203125	0.1250
1580	-0.1875	0.1250
1581	-0.171875	0.1250
1582	-0.15625	0.1250
1583	-0.140625	0.1250
1584	-0.125	0.1250
1585	-0.109375	0.1250
1586	-0.09375	0.1250
1587	-0.078125	0.1250
1588	-0.0625	0.1250
1589	-0.046875	0.1250
1590	-0.03125	0.1250
1591	-0.015625	0.1250
1592	0	0.1250
1593	0.015625	0.1250
1594	0.03125	0.1250
1595	0.046875	0.1250
1596	0.0625	0.1250
1597	0.078125	0.1250
1598	0.09375	0.1250
1599	0.109375	0.1250
1600	0.125	0.1250
1601	0.140625	0.1250
1602	0.15625	0.1250
1603	0.171875	0.1250
1604	0.1875	0.1250
1605	0.203125	0.1250
1606	0.21875	0.1250
1607	0.234375	0.1250
1608	0.25	0.1250
1609	0.265625	0.1250
1610	0.28125	0.1250
1611	0.296875	0.1250
1612	0.3125	0.1250
1613	0.328125	0.1250
1614	0.34375	0.1250
1615	0.359375	0.1250
1616	0.375	0.1250
1617	0.390625	0.1250
1618	0.40625	0.1250
1619	0.421875	0.1250
1620	0.4375	0.1250
1621	0.453125	0.1250
1622	0.46875	0.1250
1623	0.484375	0.1250
1624	0.5	0.1250
1625	-0.5	0.1093750
1626	-0.484375	0.1093750
1627	-0.46875	0.1093750
1628	-0.453125	0.1093750
1629	-0.4375	0.1093750
1630	-0.421875	0.1093750
1631	-0.40625	0.1093750
1632	-0.390625	0.1093750
1633	-0.375	0.1093750
1634	-0.359375	0.1093750
1635	-0.34375	0.1093750
1636	-0.328125	0.1093750
1637	-0.3125	0.1093750
1638	-0.296875	0.1093750
1639	-0.28125	0.1093750
1640	-0.265625	0.1093750
1641	-0.25	0.1093750
1642	-0.234375	0.1093750
1643	-0.21875	0.1093750
1644	-0.203125	0.1093750
1645	-0.1875	0.1093750
1646	-0.171875	0.1093750
1647	-0.15625	0.1093750
1648	-0.140625	0.1093750
1649	-0.125	0.1093750
1650	-0.109375	0.1093750
1651	-0.09375	0.1093750
1652	-0.078125	0.1093750
1653	-0.0625	0.1093750
1654	-0.046875	0.1093750
1655	-0.03125	0.1093750
1656	-0.015625	0.1093750
1657	0	0.1093750
1658	0.015625	0.1093750
1659	0.03125	0.1093750
1660	0.046875	0.1093750
1661	0.0625	0.1093750
1662	0.078125	0.1093750
1663	0.09375	0.1093750
1664	0.109375	0.1093750
1665	0.125	0.1093750
1666	0.140625	0.1093750
1667	0.15625	0.1093750
1668	0.171875	0.1093750
1669	0.1875	0.1093750
1670	0.203125	0.1093750
1671	0.21875	0.1093750
1672	0.234375	0.1093750
1673	0.25	0.1093750
1674	0.265625	0.1093750
1675	0.28125	0.1093750
1676	0.296875	0.1093750
1677	0.3125	0.1093750
1678	0.328125	0.1093750
1679	0.34375	0.1093750
1680	0.359375	0.1093750
1681	0.375	0.1093750
1682	0.390625	0.1093750
1683	0.40625	0.1093750
1684	0.421875	0.1093750
1685	0.4375	0.1093750
1686	0.453125	0.1093750
1687	0.46875	0.1093750
1688	0.484375	0.1093750
1689	0.5	0.1093750
1690	-0.5	0.093750
1691	-0.484375	0.093750
1692	-0.46875	0.093750
1693	-0.453125	0.093750
1694	-0.4375	0.093750
1695	-0.421875	0.093750
1696	-0.40625	0.093750
1697	-0.390625	0.093750
1698	-0.375	0.093750
1699	-0.359375	0.093750
1700	-0.34375	0.093750
1701	-0.328125	0.093750
1702	-0.3125	0.093750
1703	-0.296875	0.093750
1704	-0.28125	0.093750
1705	-0.265625	0.093750
1706	-0.25	0.093750
1707	-0.234375	0.093750
1708	-0.21875	0.093750
1709	-0.203125	0.093750
1710	-0.1875	0.093750
1711	-0.171875	0.093750
1712	-0.15625	0.093750
1713	-0.140625	0.093750
1714	-0.125	0.093750
1715	-0.109375	0.093750
1716	-0.09375	0.093750
1717	-0.078125	0.093750
1718	-0.0625	0.093750
1719	-0.046875	0.093750
1720	-0.03125	0.093750
1721	-0.015625	0.093750
1722	0	0.093750
1723	0.015625	0.093750
1724	0.03125	0.093750
1725	0.046875	0.093750
1726	0.0625	0.093750
1727	0.078125	0.093750
1728	0.09375	0.093750
1729	0.109375	0.093750
1730	0.125	0.093750
1731	0.140625	0.093750
1732	0.15625	0.093750
1733	0.171875	0.093750
1734	0.1875	0.093750
1735	0.203125	0.093750
1736	0.21875	0.093750
1737	0.234375	0.093750
1738	0.25	0.093750
1739	0.265625	0.093750
1740	0.28125	0.093750
1741	0.296875	0.093750
1742	0.3125	0.093750
1743	0.328125	0.093750
1744	0.34375	0.093750
1745	0.359375	0.093750
1746	0.375	0.093750
1747	0.390625	0.093750
1748	0.40625	0.093750
1749	0.421875	0.093750
1750	0.4375	0.093750
1751	0.453125	0.093750
1752	0.46875	0.093750
1753	0.484375	0.093750
1754	0.5	0.093750
1755	-0.5	0.0781250
1756	-0.484375	0.0781250
1757	-0.46875	0.0781250
1758	-0.453125	0.0781250
1759	-0.4375	0.0781250
1760	-0.421875	0.0781250
1761	-0.40625	0.0781250
1762	-0.390625	0.0781250
1763	-0.375	0.0781250
1764	-0.359375	0.0781250
1765	-0.34375	0.0781250
1766	-0.328125	0.0781250
1767	-0.3125	0.0781250
1768	-0.296875	0.0781250
1769	-0.28125	0.0781250
1770	-0.265625	0.0781250
1771	-0.25	0.0781250
1772	-0.234375	0.0781250
1773	-0.21875	0.0781250
1774	-0.203125	0.0781250
1775	-0.1875	0.0781250
1776	-0.171875	0.0781250
1777	-0.15625	0.0781250
1778	-0.140625	0.0781250
1779	-0.125	0.0781250
1780	-0.109375	0.0781250
1781	-0.09375	0.0781250
1782	-0.078125	0.0781250
1783	-0.0625	0.0781250
1784	-0.046875	0.0781250
1785	-0.03125	0.0781250
1786	-0.015625	0.0781250
1787	0	0.0781250
1788	0.015625	0.0781250
1789	0.03125	0.0781250
1790	0.046875	0.0781250
1791	0.0625	0.0781250
1792	0.078125	0.0781250
1793	0.09375	0.0781250
1794	0.109375	0.0781250
1795	0.125	0.0781250
1796	0.140625	0.0781250
1797	0.15625	0.0781250
1798	0.171875	0.0781250
1799	0.1875	0.0781250
1800	0.203125	0.0781250
1801	0.21875	0.0781250
1802	0.234375	0.0781250
1803	0.25	0.0781250
1804	0.265625	0.0781250
1805	0.28125	0.0781250
1806	0.296875	0.0781250
1807	0.3125	0.0781250
1808	0.328125	0.0781250
1809	0.34375	0.0781250
1810	0.359375	0.0781250
1811	0.375	0.0781250
1812	0.390625	0.0781250
1813	0.40625	0.0781250
1814	0.421875	0.0781250
1815	0.4375	0.0781250
1816	0.453125	0.0781250
1817	0.46875	0.0781250
1818	0.484375	0.0781250
1819	0.5	0.0781250
1820	-0.5	0.06250
1821	-0.484375	0.06250
1822	-0.46875	0.06250
1823	-0.453125	0.06250
1824	-0.4375	0.06250
1825	-0.421875	0.06250
1826	-0.40625	0.06250
1827	-0.390625	0.06250
1828	-0.375	0.06250
1829	-0.359375	0.06250
1830	-0.34375	0.06250
1831	-0.328125	0.06250
1832	-0.3125	0.06250
1833	-0.296875	0.06250
1834	-0.28125	0.06250
1835	-0.265625	0.06250
1836	-0.25	0.06250
1837	-0.234375	0.06250
1838	-0.21875	0.06250
1839	-0.203125	0.06250
1840	-0.1875	0.06250
1841	-0.171875	0.06250
1842	-0.15625	0.06250
1843	-0.140625	0.06250
1844	-0.125	0.06250
1845	-0.109375	0.06250
1846	-0.09375	0.06250
1847	-0.078125	0.06250
1848	-0.0625	0.06250
1849	-0.046875	0.06250
1850	-0.03125	0.06250
1851	-0.015625	0.06250
1852	0	0.06250
1853	0.015625	0.06250
1854	0.03125	0.06250
1855	0.046875	0.06250
1856	0.0625	0.06250
1857	0.078125	0.06250
1858	0.09375	0.06250
1859	0.109375	0.06250
1860	0.125	0.06250
1861	0.140625	0.06250
1862	0.15625	0.06250
1863	0.171875	0.06250
1864	0.1875	0.06250
1865	0.203125	0.06250
1866	0.21875	0.06250
1867	0.234375	0.06250
1868	0.25	0.06250
1869	0.265625	0.06250
1870	0.28125	0.06250
1871	0.296875	0.06250
1872	0.3125	0.06250
1873	0.328125	0.06250
1874	0.34375	0.06250
1875	0.359375	0.06250
1876	0.375	0.06250
1877	0.390625	0.06250
1878	0.40625	0.06250
1879	0.421875	0.06250
1880	0.4375	0.06250
1881	0.453125	0.06250
1882	0.46875	0.06250
1883	0.484375	0.06250
1884	0.5	0.06250
1885	-0.5	0.0468750
1886	-0.484375	0.0468750
1887	-0.46875	0.0468750
1888	-0.453125	0.0468750
1889	-0.4375	0.0468750
1890	-0.421875	0.0468750
1891	-0.40625	0.0468750
1892	-0.390625	0.0468750
1893	-0.375	0.0468750
1894	-0.359375	0.0468750
1895	-0.34375	0.0468750
1896	-0.328125	0.0468750
1897	-0.3125	0.0468750
1898	-0.296875	0.0468750
1899	-0.28125	0.0468750
1900	-0.265625	0.0468750
1901	-0.25	0.0468750
1902	-0.234375	0.0468750
1903	-0.21875	0.0468750
1904	-0.203125	0.0468750
1905	-0.1875	0.0468750
1906	-0.171875	0.0468750
1907	-0.15625	0.0468750
1908	-0.140625	0.0468750
1909	-0.125	0.0468750
1910	-0.109375	0.0468750
1911	-0.09375	0.0468750
1912	-0.078125	0.0468750
1913	-0.0625	0.0468750
1914	-0.046875	0.0468750
1915	-0.03125	0.0468750
1916	-0.015625	0.0468750
1917	0	0.0468750
1918	0.015625	0.0468750
1919	0.03125	0.0468750
1920	0.046875	0.0468750
1921	0.0625	0.0468750
1922	0.078125	0.0468750
1923	0.09375	0.0468750
1924	0.109375	0.0468750
1925	0.125	0.0468750
1926	0.140625	0.0468750
1927	0.15625	0.0468750
1928	0.171875	0.0468750
1929	0.1875	0.0468750
1930	0.203125	0.0468750
1931	0.21875	0.0468750
1932	0.234375	0.0468750
1933	0.25	0.0468750
1934	0.265625	0.0468750
1935	0.28125	0.0468750
1936	0.296875	0.0468750
1937	0.3125	0.0468750
1938	0.328125	0.0468750
1939	0.34375	0.0468750
1940	0.359375	0.0468750
1941	0.375	0.0468750
1942	0.390625	0.0468750
1943	0.40625	0.0468750
1944	0.421875	0.0468750
1945	0.4375	0.0468750
1946	0.453125	0.0468750
1947	0.46875	0.0468750
1948	0.484375	0.0468750
1949	0.5	0.0468750
1950	-0.5	0.031250
1951	-0.484375	0.031250
1952	-0.46875	0.031250
1953	-0.453125	0.031250
1954	-0.4375	0.031250
1955	-0.421875	0.031250
1956	-0.40625	0.031250
1957	-0.390625	0.031250
1958	-0.375	0.031250
1959	-0.359375	0.031250
1960	-0.34375	0.031250
1961	-0.328125	0.031250
1962	-0.3125	0.031250
1963	-0.296875	0.031250
1964	-0.28125	0.031250
1965	-0.265625	0.031250
1966	-0.25	0.031250
1967	-0.234375	0.031250
1968	-0.21875	0.031250
1969	-0.203125	0.031250
1970	-0.1875	0.031250
1971	-0.171875	0.031250
1972	-0.15625	0.031250
1973	-0.140625	0.031250
1974	-0.125	0.031250
1975	-0.109375	0.031250
1976	-0.09375	0.031250
1977	-0.078125	0.031250
1978	-0.0625	0.031250
1979	-0.046875	0.031250
1980	-0.03125	0.031250
1981	-0.015625	0.031250
1982	0	0.031250
1983	0.015625	0.031250
1984	0.03125	0.031250
1985	0.046875	0.031250
1986	0.0625	0.031250
1987	0.078125	0.031250
1988	0.09375	0.031250
1989	0.109375	0.031250
1990	0.125	0.031250
1991	0.140625	0.031250
1992	0.15625	0.031250
1993	0.171875	0.031250
1994	0.1875	0.031250
1995	0.203125	0.031250
1996	0.21875	0.031250
1997	0.234375	0.031250
1998	0.25	0.031250
1999	0.265625	0.031250
2000	0.28125	0.031250
2001	0.296875	0.031250
2002	0.3125	0.031250
2003	0.328125	0.031250
2004	0.34375	0.031250
2005	0.359375	0.031250
2006	0.375	0.031250
2007	0.390625	0.031250
2008	0.40625	0.031250
2009	0.421875	0.031250
2010	0.4375	0.031250
2011	0.453125	0.031250
2012	0.46875	0.031250
2013	0.484375	0.031250
2014	0.5	0.031250
2015	-0.5	0.0156250
2016	-0.484375	0.0156250
2017	-0.46875	0.0156250
2018	-0.453125	0.0156250
2019	-0.4375	0.0156250
2020	-0.421875	0.0156250
2021	-0.40625	0.0156250
2022	-0.390625	0.0156250
2023	-0.375	0.0156250
2024	-0.359375	0.0156250
2025	-0.34375	0.0156250
2026	-0.328125	0.0156250
2027	-0.3125	0.0156250
2028	-0.296875	0.0156250
2029	-0.28125	0.0156250
2030	-0.265625	0.0156250
2031	-0.25	0.0156250
2032	-0.234375	0.0156250
2033	-0.21875	0.0156250
2034	-0.203125	0.0156250
2035	-0.1875	0.0156250
2036	-0.171875	0.0156250
2037	-0.15625	0.0156250
2038	-0.140625	0.0156250
2039	-0.125	0.0156250
2040	-0.109375	0.0156250
2041	-0.09375	0.0156250
2042	-0.078125	0.0156250
2043	-0.0625	0.0156250
2044	-0.046875	0.0156250
2045	-0.03125	0.0156250
2046	-0.015625	0.0156250
2047	0	0.0156250
2048	0.015625	0.0156250
2049	0.03125	0.0156250
2050	0.046875	0.0156250
2051	0.0625	0.0156250
2052	0.078125	0.0156250
2053	0.09375	0.0156250
2054	0.109375	0.0156250
2055	0.125	0.0156250
2056	0.140625	0.0156250
2057	0.15625	0.0156250
2058	0.171875	0.0156250
2059	0.1875	0.0156250
2060	0.203125	0.0156250
2061	0.21875	0.0156250
2062	0.234375	0.0156250
2063	0.25	0.0156250
2064	0.265625	0.0156250
2065	0.28125	0.0156250
2066	0.296875	0.0156250
2067	0.3125	0.0156250
2068	0.328125	0.0156250
2069	0.34375	0.0156250
2070	0.359375	0.0156250
2071	0.375	0.0156250
2072	0.390625	0.0156250
2073	0.40625	0.0156250
2074	0.421875	0.0156250
2075	0.4375	0.0156250
2076	0.453125	0.0156250
2077	0.46875	0.0156250
2078	0.484375	0.0156250
2079	0.5	0.0156250
2080	-0.5	00
2081	-0.484375	00
2082	-0.46875	00
2083	-0.453125	00
2084	-0.4375	00
2085	-0.421875	00
2086	-0.40625	00
2087	-0.390625	00
2088	-0.375	00
2089	-0.359375	00
2090	-0.34375	00
2091	-0.328125	00
2092	-0.3125	00
2093	-0.296875	00
2094	-0.28125	00
2095	-0.265625	00
2096	-0.25	00
2097	-0.234375	00
2098	-0.21875	00
2099	-0.203125	00
2100	-0.1875	00
2101	-0.171875	00
2102	-0.15625	00
2103	-0.140625	00
2104	-0.125	00
2105	-0.109375	00
2106	-0.09375	00
2107	-0.078125	00
2108	-0.0625	00
2109	-0.046875	00
2110	-0.03125	00
2111	-0.015625	00
2112	0	00
2113	0.015625	00
2114	0.03125	00
2115	0.046875	00
2116	0.0625	00
2117	0.078125	00
2118	0.09375	00
2119	0.109375	00
2120	0.125	00
2121	0.140625	00
2122	0.15625	00
2123	0.171875	00
2124	0.1875	00
2125	0.203125	00
2126	0.21875	00
2127	0.234375	00
2128	0.25	00
2129	0.265625	00
2130	0.28125	00
2131	0.296875	00
2132	0.3125	00
2133	0.328125	00
2134	0.34375	00
2135	0.359375	00
2136	0.375	00
2137	0.390625	00
2138	0.40625	00
2139	0.421875	00
2140	0.4375	00
2141	0.453125	00
2142	0.46875	00
2143	0.484375	00
2144	0.5	00
2145	-0.5	-0.0156250
2146	-0.484375	-0.0156250
2147	-0.46875	-0.0156250
2148	-0.453125	-0.0156250
2149	-0.4375	-0.0156250
2150	-0.421875	-0.0156250
2151	-0.40625	-0.0156250
2152	-0.390625	-0.0156250
2153	-0.375	-0.0156250
2154	-0.359375	-0.0156250
2155	-0.34375	-0.0156250
2156	-0.328125	-0.0156250
2157	-0.3125	-0.0156250
2158	-0.296875	-0.0156250
2159	-0.28125	-0.0156250
2160	-0.265625	-0.0156250
2161	-0.25	-0.0156250
2162	-0.234375	-0.0156250
2163	-0.21875	-0.0156250
2164	-0.203125	-0.0156250
2165	-0.1875	-0.0156250
2166	-0.171875	-0.0156250
2167	-0.15625	-0.0156250
2168	-0.140625	-0.0156250
2169	-0.125	-0.0156250
2170	-0.109375	-0.0156250
2171	-0.09375	-0.0156250
2172	-0.078125	-0.0156250
2173	-0.0625	-0.0156250
2174	-0.046875	-0.0156250
2175	-0.03125	-0.0156250
2176	-0.015625	-0.0156250
2177	0	-0.0156250
2178	0.015625	-0.0156250
2179	0.03125	-0.0156250
2180	0.046875	-0.0156250
2181	0.0625	-0.0156250
2182	0.078125	-0.0156250
2183	0.09375	-0.0156250
2184	0.109375	-0.0156250
2185	0.125	-0.0156250
2186	0.140625	-0.0156250
2187	0.15625	-0.0156250
2188	0.171875	-0.0156250
2189	0.1875	-0.0156250
2190	0.203125	-0.0156250
2191	0.21875	-0.0156250
2192	0.234375	-0.0156250
2193	0.25	-0.0156250
2194	0.265625	-0.0156250
2195	0.28125	-0.0156250
2196	0.296875	-0.0156250
2197	0.3125	-0.0156250
2198	0.328125	-0.0156250
2199	0.34375	-0.0156250
2200	0.359375	-0.0156250
2201	0.375	-0.0156250
2202	0.390625	-0.0156250
2203	0.40625	-0.0156250
2204	0.421875	-0.0156250
2205	0.4375	-0.0156250
2206	0.453125	-0.0156250
2207	0.46875	-0.0156250
2208	0.484375	-0.0156250
2209	0.5	-0.0156250
2210	-0.5	-0.031250
2211	-0.484375	-0.031250
2212	-0.46875	-0.031250
2213	-0.453125	-0.031250
2214	-0.4375	-0.031250
2215	-0.421875	-0.031250
2216	-0.40625	-0.031250
2217	-0.390625	-0.031250
2218	-0.375	-0.031250
2219	-0.359375	-0.031250
2220	-0.34375	-0.031250
2221	-0.328125	-0.031250
2222	-0.3125	-0.031250
2223	-0.296875	-0.031250
2224	-0.28125	-0.031250
2225	-0.265625	-0.031250
2226	-0.25	-0.031250
2227	-0.234375	-0.031250
2228	-0.21875	-0.031250
2229	-0.203125	-0.031250
2230	-0.1875	-0.031250
2231	-0.171875	-0.031250
2232	-0.15625	-0.031250
2233	-0.140625	-0.031250
2234	-0.125	-0.031250
2235	-0.109375	-0.031250
2236	-0.09375	-0.031250
2237	-0.078125	-0.031250
2238	-0.0625	-0.031250
2239	-0.046875	-0.031250
2240	-0.03125	-0.031250
2241	-0.015625	-0.031250
2242	0	-0.031250
2243	0.015625	-0.031250
2244	0.03125	-0.031250
2245	0.046875	-0.031250
2246	0.0625	-0.031250
2247	0.078125	-0.031250
2248	0.09375	-0.031250
2249	0.109375	-0.031250
2250	0.125	-0.031250
2251	0.140625	-0.031250
2252	0.15625	-0.031250
2253	0.171875	-0.031250
2254	0.1875	-0.031250
2255	0.203125	-0.031250
2256	0.21875	-0.031250
2257	0.234375	-0.031250
2258	0.25	-0.031250
2259	0.265625	-0.031250
2260	0.28125	-0.031250
2261	0.296875	-0.031250
2262	0.3125	-0.031250
2263	0.328125	-0.031250
2264	0.34375	-0.031250
2265	0.359375	-0.031250
2266	0.375	-0.031250
2267	0.390625	-0.031250
2268	0.40625	-0.031250
2269	0.421875	-0.031250
2270	0.4375	-0.031250
2271	0.453125	-0.031250
2272	0.46875	-0.031250
2273	0.484375	-0.031250
2274	0.5	-0.031250
2275	-0.5	-0.0468750
2276	-0.484375	-0.0468750
2277	-0.46875	-0.0468750
2278	-0.453125	-0.0468750
2279	-0.4375	-0.0468750
2280	-0.421875	-0.0468750
2281	-0.40625	-0.0468750
2282	-0.390625	-0.0468750
2283	-0.375	-0.0468750
2284	-0.359375	-0.0468750
2285	-0.34375	-0.0468750
2286	-0.328125	-0.0468750
2287	-0.3125	-0.0468750
2288	-0.296875	-0.0468750
2289	-0.28125	-0.0468750
2290	-0.265625	-0.0468750
2291	-0.25	-0.0468750
2292	-0.234375	-0.0468750
2293	-0.21875	-0.0468750
2294	-0.203125	-0.0468750
2295	-0.1875	-0.0468750
2296	-0.171875	-0.0468750
2297	-0.15625	-0.0468750
2298	-0.140625	-0.0468750
2299	-0.125	-0.0468750
2300	-0.109375	-0.0468750
2301	-0.09375	-0.0468750
2302	-0.078125	-0.0468750
2303	-0.0625	-0.0468750
2304	-0.046875	-0.0468750
2305	-0.03125	-0.0468750
2306	-0.015625	-0.0468750
2307	0	-0.0468750
2308	0.015625	-0.0468750
2309	0.03125	-0.0468750
2310	0.046875	-0.0468750
2311	0.0625	-0.0468750
2312	0.078125	-0.0468750
2313	0.09375	-0.0468750
2314	0.109375	-0.0468750
2315	0.125	-0.0468750
2316	0.140625	-0.0468750
2317	0.15625	-0.0468750
2318	0.171875	-0.0468750
2319	0.1875	-0.0468750
2320	0.203125	-0.0468750
2321	0.21875	-0.0468750
2322	0.234375	-0.0468750
2323	0.25	-0.0468750
2324	0.265625	-0.0468750
2325	0.28125	-0.0468750
2326	0.296875	-0.0468750
2327	0.3125	-0.0468750
2328	0.328125	-0.0468750
2329	0.34375	-0.0468750
2330	0.359375	-0.0468750
2331	0.375	-0.0468750
2332	0.390625	-0.0468750
2333	0.40625	-0.0468750
2334	0.421875	-0.0468750
2335	0.4375	-0.0468750
2336	0.453125	-0.0468750
2337	0.46875	-0.0468750
2338	0.484375	-0.0468750
2339	0.5	-0.0468750
2340	-0.5	-0.06250
2341	-0.484375	-0.06250
2342	-0.46875	-0.06250
2343	-0.453125	-0.06250
2344	-0.4375	-0.06250
2345	-0.421875	-0.06250
2346	-0.40625	-0.06250
2347	-0.390625	-0.06250
2348	-0.375	-0.06250
2349	-0.359375	-0.06250
2350	-0.34375	-0.06250
2351	-0.328125	-0.06250
2352	-0.3125	-0.06250
2353	-0.296875	-0.06250
2354	-0.28125	-0.06250
2355	-0.265625	-0.06250
2356	-0.25	-0.06250
2357	-0.234375	-0.06250
2358	-0.21875	-0.06250
2359	-0.203125	-0.06250
2360	-0.1875	-0.06250
2361	-0.171875	-0.06250
2362	-0.15625	-0.06250
2363	-0.140625	-0.06250
2364	-0.125	-0.06250
2365	-0.109375	-0.06250
2366	-0.09375	-0.06250
2367	-0.078125	-0.06250
2368	-0.0625	-0.06250
2369	-0.046875	-0.06250
2370	-0.03125	-0.06250
2371	-0.015625	-0.06250
2372	0	-0.06250
2373	0.015625	-0.06250
2374	0.03125	-0.06250
2375	0.046875	-0.06250
2376	0.0625	-0.06250
2377	0.078125	-0.06250
2378	0.09375	-0.06250
2379	0.109375	-0.06250
2380	0.125	-0.06250
2381	0.140625	-0.06250
2382	0.15625	-0.06250
2383	0.171875	-0.06250
2384	0.1875	-0.06250
2385	0.203125	-0.06250
2386	0.21875	-0.06250
2387	0.234375	-0.06250
2388	0.25	-0.06250
2389	0.265625	-0.06250
2390	0.28125	-0.06250
2391	0.296875	-0.06250
2392	0.3125	-0.06250
2393	0.328125	-0.06250
2394	0.34375	-0.06250
2395	0.359375	-0.06250
2396	0.375	-0.06250
2397	0.390625	-0.06250
2398	0.40625	-0.06250
2399	0.421875	-0.06250
2400	0.4375	-0.06250
2401	0.453125	-0.06250
2402	0.46875	-0.06250
2403	0.484375	-0.06250
2404	0.5	-0.06250
2405	-0.5	-0.0781250
2406	-0.484375	-0.0781250
2407	-0.46875	-0.0781250
2408	-0.453125	-0.0781250
2409	-0.4375	-0.0781250
2410	-0.421875	-0.0781250
2411	-0.40625	-0.0781250
2412	-0.390625	-0.0781250
2413	-0.375	-0.0781250
2414	-0.359375	-0.0781250
2415	-0.34375	-0.0781250
2416	-0.328125	-0.0781250
2417	-0.3125	-0.0781250
2418	-0.296875	-0.0781250
2419	-0.28125	-0.0781250
2420	-0.265625	-0.0781250
2421	-0.25	-0.0781250
2422	-0.234375	-0.0781250
2423	-0.21875	-0.0781250
2424	-0.203125	-0.0781250
2425	-0.1875	-0.0781250
2426	-0.171875	-0.0781250
2427	-0.15625	-0.0781250
2428	-0.140625	-0.0781250
2429	-0.125	-0.0781250
2430	-0.109375	-0.0781250
2431	-0.09375	-0.0781250
2432	-0.078125	-0.0781250
2433	-0.0625	-0.0781250
2434	-0.046875	-0.0781250
2435	-0.03125	-0.0781250
2436	-0.015625	-0.0781250
2437	0	-0.0781250
2438	0.015625	-0.0781250
2439	0.03125	-0.0781250
2440	0.046875	-0.0781250
2441	0.0625	-0.0781250
2442	0.078125	-0.0781250
2443	0.09375	-0.0781250
2444	0.109375	-0.0781250
2445	0.125	-0.0781250
2446	0.140625	-0.0781250
2447	0.15625	-0.0781250
2448	0.171875	-0.0781250
2449	0.1875	-0.0781250
2450	0.203125	-0.0781250
2451	0.21875	-0.0781250
2452	0.234375	-0.0781250
2453	0.25	-0.0781250
2454	0.265625	-0.0781250
2455	0.28125	-0.0781250
2456	0.296875	-0.0781250
2457	0.3125	-0.0781250
2458	0.328125	-0.0781250
2459	0.34375	-0.0781250
2460	0.359375	-0.0781250
2461	0.375	-0.0781250
2462	0.390625	-0.0781250
2463	0.40625	-0.0781250
2464	0.421875	-0.0781250
2465	0.4375	-0.0781250
2466	0.453125	-0.0781250
2467	0.46875	-0.0781250
2468	0.484375	-0.0781250
2469	0.5	-0.0781250
2470	-0.5	-0.093750
2471	-0.484375	-0.093750
2472	-0.46875	-0.093750
2473	-0.453125	-0.093750
2474	-0.4375	-0.093750
2475	-0.421875	-0.093750
2476	-0.40625	-0.093750
2477	-0.390625	-0.093750
2478	-0.375	-0.093750
2479	-0.359375	-0.093750
2480	-0.34375	-0.093750
2481	-0.328125	-0.093750
2482	-0.3125	-0.093750
2483	-0.296875	-0.093750
2484	-0.28125	-0.093750
2485	-0.265625	-0.093750
2486	-0.25	-0.093750
2487	-0.234375	-0.093750
2488	-0.21875	-0.093750
2489	-0.203125	-0.093750
2490	-0.1875	-0.093750
2491	-0.171875	-0.093750
2492	-0.15625	-0.093750
2493	-0.140625	-0.093750
2494	-0.125	-0.093750
2495	-0.109375	-0.093750
2496	-0.09375	-0.093750
2497	-0.078125	-0.093750
2498	-0.0625	-0.093750
2499	-0.046875	-0.093750
2500	-0.03125	-0.093750
2501	-0.015625	-0.093750
2502	0	-0.093750
2503	0.015625	-0.093750
2504	0.03125	-0.093750
2505	0.046875	-0.093750
2506	0.0625	-0.093750
2507	0.078125	-0.093750
2508	0.09375	-0.093750
2509	0.109375	-0.093750
2510	0.125	-0.093750
2511	0.140625	-0.093750
2512	0.15625	-0.093750
2513	0.171875	-0.093750
2514	0.1875	-0.093750
2515	0.203125	-0.093750
2516	0.21875	-0.093750
2517	0.234375	-0.093750
2518	0.25	-0.093750
2519	0.265625	-0.093750
2520	0.28125	-0.093750
2521	0.296875	-0.093750
2522	0.3125	-0.093750
2523	0.328125	-0.093750
2524	0.34375	-0.093750
2525	0.359375	-0.093750
2526	0.375	-0.093750
2527	0.390625	-0.093750
2528	0.40625	-0.093750
2529	0.421875	-0.093750
2530	0.4375	-0.093750
2531	0.453125	-0.093750
2532	0.46875	-0.093750
2533	0.484375	-0.093750
2534	0.5	-0.093750
2535	-0.5	-0.1093750
2536	-0.484375	-0.1093750
2537	-0.46875	-0.1093750
2538	-0.453125	-0.1093750
2539	-0.4375	-0.1093750
2540	-0.421875	-0.1093750
2541	-0.40625	-0.1093750
2542	-0.390625	-0.1093750
2543	-0.375	-0.1093750
2544	-0.359375	-0.1093750
2545	-0.34375	-0.1093750
2546	-0.328125	-0.1093750
2547	-0.3125	-0.1093750
2548	-0.296875	-0.1093750
2549	-0.28125	-0.1093750
2550	-0.265625	-0.1093750
2551	-0.25	-0.1093750
2552	-0.234375	-0.1093750
2553	-0.21875	-0.1093750
2554	-0.203125	-0.1093750
2555	-0.1875	-0.1093750
2556	-0.171875	-0.1093750
2557	-0.15625	-0.1093750
2558	-0.140625	-0.1093750
2559	-0.125	-0.1093750
2560	-0.109375	-0.1093750
2561	-0.09375	-0.1093750
2562	-0.078125	-0.1093750
2563	-0.0625	-0.1093750
2564	-0.046875	-0.1093750
2565	-0.03125	-0.1093750
2566	-0.015625	-0.1093750
2567	0	-0.1093750
2568	0.015625	-0.1093750
2569	0.03125	-0.1093750
2570	0.046875	-0.1093750
2571	0.0625	-0.1093750
2572	0.078125	-0.1093750
2573	0.09375	-0.1093750
2574	0.109375	-0.1093750
2575	0.125	-0.1093750
2576	0.140625	-0.1093750
2577	0.15625	-0.1093750
2578	0.171875	-0.1093750
2579	0.1875	-0.1093750
2580	0.203125	-0.1093750
2581	0.21875	-0.1093750
2582	0.234375	-0.1093750
2583	0.25	-0.1093750
2584	0.265625	-0.1093750
2585	0.28125	-0.1093750
2586	0.296875	-0.1093750
2587	0.3125	-0.1093750
2588	0.328125	-0.1093750
2589	0.34375	-0.1093750
2590	0.359375	-0.1093750
2591	0.375	-0.1093750
2592	0.390625	-0.1093750
2593	0.40625	-0.1093750
2594	0.421875	-0.1093750
2595	0.4375	-0.1093750
2596	0.453125	-0.1093750
2597	0.46875	-0.1093750
2598	0.484375	-0.1093750
2599	0.5	-0.1093750
2600	-0.5	-0.1250
2601	-0.484375	-0.1250
2602	-0.46875	-0.1250
2603	-0.453125	-0.1250
2604	-0.4375	-0.1250
2605	-0.421875	-0.1250
2606	-0.40625	-0.1250
2607	-0.390625	-0.1250
2608	-0.375	-0.1250
2609	-0.359375	-0.1250
2610	-0.34375	-0.1250
2611	-0.328125	-0.1250
2612	-0.3125	-0.1250
2613	-0.296875	-0.1250
2614	-0.28125	-0.1250
2615	-0.265625	-0.1250
2616	-0.25	-0.1250
2617	-0.234375	-0.1250
2618	-0.21875	-0.1250
2619	-0.203125	-0.1250
2620	-0.1875	-0.1250
2621	-0.171875	-0.1250
2622	-0.15625	-0.1250
2623	-0.140625	-0.1250
2624	-0.125	-0.1250
2625	-0.109375	-0.1250
2626	-0.09375	-0.1250
2627	-0.078125	-0.1250
2628	-0.0625	-0.1250
2629	-0.046875	-0.1250
2630	-0.03125	-0.1250
2631	-0.015625	-0.1250
2632	0	-0.1250
2633	0.015625	-0.1250
2634	0.03125	-0.1250
2635	0.046875	-0.1250
2636	0.0625	-0.1250
2637	0.078125	-0.1250
2638	0.09375	-0.1250
2639	0.109375	-0.1250
2640	0.125	-0.1250
2641	0.140625	-0.1250
2642	0.15625	-0.1250
2643	0.171875	-0.1250
2644	0.1875	-0.1250
2645	0.203125	-0.1250
2646	0.21875	-0.1250
2647	0.234375	-0.1250
2648	0.25	-0.1250
2649	0.265625	-0.1250
2650	0.28125	-0.1250
2651	0.296875	-0.1250
2652	0.3125	-0.1250
2653	0.328125	-0.1250
2654	0.34375	-0.1250
2655	0.359375	-0.1250
2656	0.375	-0.1250
2657	0.390625	-0.1250
2658	0.40625	-0.1250
2659	0.421875	-0.1250
2660	0.4375	-0.1250
2661	0.453125	-0.1250
2662	0.46875	-0.1250
2663	0.484375	-0.1250
2664	0.5	-0.1250
2665	-0.5	-0.1406250
2666	-0.484375	-0.1406250
2667	-0.46875	-0.1406250
2668	-0.453125	-0.1406250
2669	-0.4375	-0.1406250
2670	-0.421875	-0.1406250
2671	-0.40625	-0.1406250
2672	-0.390625	-0.1406250
2673	-0.375	-0.1406250
2674	-0.359375	-0.1406250
2675	-0.34375	-0.1406250
2676	-0.328125	-0.1406250
2677	-0.3125	-0.1406250
2678	-0.296875	-0.1406250
2679	-0.28125	-0.1406250
2680	-0.265625	-0.1406250
2681	-0.25	-0.1406250
2682	-0.234375	-0.1406250
2683	-0.21875	-0.1406250
2684	-0.203125	-0.1406250
2685	-0.1875	-0.1406250
2686	-0.171875	-0.1406250
2687	-0.15625	-0.1406250
2688	-0.140625	-0.1406250
2689	-0.125	-0.1406250
2690	-0.109375	-0.1406250
2691	-0.09375	-0.1406250
2692	-0.078125	-0.1406250
2693	-0.0625	-0.1406250
2694	-0.046875	-0.1406250
2695	-0.03125	-0.1406250
2696	-0.015625	-0.1406250
2697	0	-0.1406250
2698	0.015625	-0.1406250
2699	0.03125	-0.1406250
2700	0.046875	-0.1406250
2701	0.0625	-0.1406250
2702	0.078125	-0.1406250
2703	0.09375	-0.1406250
2704	0.109375	-0.1406250
2705	0.125	-0.1406250
2706	0.140625	-0.1406250
2707	0.15625	-0.1406250
2708	0.171875	-0.1406250
2709	0.1875	-0.1406250
2710	0.203125	-0.1406250
2711	0.21875	-0.1406250
2712	0.234375	-0.1406250
2713	0.25	-0.1406250
2714	0.265625	-0.1406250
2715	0.28125	-0.1406250
2716	0.296875	-0.1406250
2717	0.3125	-0.1406250
2718	0.328125	-0.1406250
2719	0.34375	-0.1406250
2720	0.359375	-0.1406250
2721	0.375	-0.1406250
2722	0.390625	-0.1406250
2723	0.40625	-0.1406250
2724	0.421875	-0.1406250
2725	0.4375	-0.1406250
2726	0.453125	-0.1406250
2727	0.46875	-0.1406250
2728	0.484375	-0.1406250
2729	0.5	-0.1406250
2730	-0.5	-0.156250
2731	-0.484375	-0.156250
2732	-0.46875	-0.156250
2733	-0.453125	-0.156250
2734	-0.4375	-0.156250
2735	-0.421875	-0.156250
2736	-0.40625	-0.156250
2737	-0.390625	-0.156250
2738	-0.375	-0.156250
2739	-0.359375	-0.156250
2740	-0.34375	-0.156250
2741	-0.328125	-0.156250
2742	-0.3125	-0.156250
2743	-0.296875	-0.156250
2744	-0.28125	-0.156250
2745	-0.265625	-0.156250
2746	-0.25	-0.156250
2747	-0.234375	-0.156250
2748	-0.21875	-0.156250
2749	-0.203125	-0.156250
2750	-0.1875	-0.156250
2751	-0.171875	-0.156250
2752	-0.15625	-0.156250
2753	-0.140625	-0.156250
2754	-0.125	-0.156250
2755	-0.109375	-0.156250
2756	-0.09375	-0.156250
2757	-0.078125	-0.156250
2758	-0.0625	-0.156250
2759	-0.046875	-0.156250
2760	-0.03125	-0.156250
2761	-0.015625	-0.156250
2762	0	-0.156250
2763	0.015625	-0.156250
2764	0.03125	-0.156250
2765	0.046875	-0.156250
2766	0.0625	-0.156250
2767	0.078125	-0.156250
2768	0.09375	-0.156250
2769	0.109375	-0.156250
2770	0.125	-0.156250
2771	0.140625	-0.156250
2772	0.15625	-0.156250
2773	0.171875	-0.156250
2774	0.1875	-0.156250
2775	0.203125	-0.156250
2776	0.21875	-0.156250
2777	0.234375	-0.156250
2778	0.25	-0.156250
2779	0.265625	-0.156250
2780	0.28125	-0.156250
2781	0.296875	-0.156250
2782	0.3125	-0.156250
2783	0.328125	-0.156250
2784	0.34375	-0.156250
2785	0.359375	-0.156250
2786	0.375	-0.156250
2787	0.390625	-0.156250
2788	0.40625	-0.156250
2789	0.421875	-0.156250
2790	0.4375	-0.156250
2791	0.453125	-0.156250
2792	0.46875	-0.156250
2793	0.484375	-0.156250
2794	0.5	-0.156250
2795	-0.5	-0.1718750
2796	-0.484375	-0.1718750
2797	-0.46875	-0.1718750
2798	-0.453125	-0.1718750
2799	-0.4375	-0.1718750
2800	-0.421875	-0.1718750
2801	-0.40625	-0.1718750
2802	-0.390625	-0.1718750
2803	-0.375	-0.1718750
2804	-0.359375	-0.1718750
2805	-0.34375	-0.1718750
2806	-0.328125	-0.1718750
2807	-0.3125	-0.1718750
2808	-0.296875	-0.1718750
2809	-0.28125	-0.1718750
2810	-0.265625	-0.1718750
2811	-0.25	-0.1718750
2812	-0.234375	-0.1718750
2813	-0.21875	-0.1718750
2814	-0.203125	-0.1718750
2815	-0.1875	-0.1718750
2816	-0.171875	-0.1718750
2817	-0.15625	-0.1718750
2818	-0.140625	-0.1718750
2819	-0.125	-0.1718750
2820	-0.109375	-0.1718750
2821	-0.09375	-0.1718750
2822	-0.078125	-0.1718750
2823	-0.0625	-0.1718750
2824	-0.046875	-0.1718750
2825	-0.03125	-0.1718750
2826	-0.015625	-0.1718750
2827	0	-0.1718750
2828	0.015625	-0.1718750
2829	0.03125	-0.1718750
2830	0.046875	-0.1718750
2831	0.0625	-0.1718750
2832	0.078125	-0.1718750
2833	0.09375	-0.1718750
2834	0.109375	-0.1718750
2835	0.125	-0.1718750
2836	0.140625	-0.1718750
2837	0.15625	-0.1718750
2838	0.171875	-0.1718750
2839	0.1875	-0.1718750
2840	0.203125	-0.1718750
2841	0.21875	-0.1718750
2842	0.234375	-0.1718750
2843	0.25	-0.1718750
2844	0.265625	-0.1718750
2845	0.28125	-0.1718750
2846	0.296875	-0.1718750
2847	0.3125	-0.1718750
2848	0.328125	-0.1718750
2849	0.34375	-0.1718750
2850	0.359375	-0.1718750
2851	0.375	-0.1718750
2852	0.390625	-0.1718750
2853	0.40625	-0.1718750
2854	0.421875	-0.1718750
2855	0.4375	-0.1718750
2856	0.453125	-0.1718750
2857	0.46875	-0.1718750
2858	0.484375	-0.1718750
2859	0.5	-0.1718750
2860	-0.5	-0.18750
2861	-0.484375	-0.18750
2862	-0.46875	-0.18750
2863	-0.453125	-0.18750
2864	-0.4375	-0.18750
2865	-0.421875	-0.18750
2866	-0.40625	-0.18750
2867	-0.390625	-0.18750
2868	-0.375	-0.18750
2869	-0.359375	-0.18750
2870	-0.34375	-0.18750
2871	-0.328125	-0.18750
2872	-0.3125	-0.18750
2873	-0.296875	-0.18750
2874	-0.28125	-0.18750
2875	-0.265625	-0.18750
2876	-0.25	-0.18750
2877	-0.234375	-0.18750
2878	-0.21875	-0.18750
2879	-0.203125	-0.18750
2880	-0.1875	-0.18750
2881	-0.171875	-0.18750
2882	-0.15625	-0.18750
2883	-0.140625	-0.18750
2884	-0.125	-0.18750
2885	-0.109375	-0.18750
2886	-0.09375	-0.18750
2887	-0.078125	-0.18750
2888	-0.0625	-0.18750
2889	-0.046875	-0.18750
2890	-0.03125	-0.18750
2891	-0.015625	-0.18750
2892	0	-0.18750
2893	0.015625	-0.18750
2894	0.03125	-0.18750
2895	0.046875	-0.18750
2896	0.0625	-0.18750
2897	0.078125	-0.18750
2898	0.09375	-0.18750
2899	0.109375	-0.18750
2900	0.125	-0.18750
2901	0.140625	-0.18750
2902	0.15625	-0.18750
2903	0.171875	-0.18750
2904	0.1875	-0.18750
2905	0.203125	-0.18750
2906	0.21875	-0.18750
2907	0.234375	-0.18750
2908	0.25	-0.18750
2909	0.265625	-0.18750
2910	0.28125	-0.18750
2911	0.296875	-0.18750
2912	0.3125	-0.18750
2913	0.328125	-0.18750
2914	0.34375	-0.18750
2915	0.359375	-0.18750
2916	0.375	-0.18750
2917	0.390625	-0.18750
2918	0.40625	-0.18750
2919	0.421875	-0.18750
2920	0.4375	-0.18750
2921	0.453125	-0.18750
2922	0.46875	-0.18750
2923	0.484375	-0.18750
2924	0.5	-0.18750
2925	-0.5	-0.2031250
2926	-0.484375	-0.2031250
2927	-0.46875	-0.2031250
2928	-0.453125	-0.2031250
2929	-0.4375	-0.2031250
2930	-0.421875	-0.2031250
2931	-0.40625	-0.2031250
2932	-0.390625	-0.2031250
2933	-0.375	-0.2031250
2934	-0.359375	-0.2031250
2935	-0.34375	-0.2031250
2936	-0.328125	-0.2031250
2937	-0.3125	-0.2031250
2938	-0.296875	-0.2031250
2939	-0.28125	-0.2031250
2940	-0.265625	-0.2031250
2941	-0.25	-0.2031250
2942	-0.234375	-0.2031250
2943	-0.21875	-0.2031250
2944	-0.203125	-0.2031250
2945	-0.1875	-0.2031250
2946	-0.171875	-0.2031250
2947	-0.15625	-0.2031250
2948	-0.140625	-0.2031250
2949	-0.125	-0.2031250
2950	-0.109375	-0.2031250
2951	-0.09375	-0.2031250
2952	-0.078125	-0.2031250
2953	-0.0625	-0.2031250
2954	-0.046875	-0.2031250
2955	-0.03125	-0.2031250
2956	-0.015625	-0.2031250
2957	0	-0.2031250
2958	0.015625	-0.2031250
2959	0.03125	-0.2031250
2960	0.046875	-0.2031250
2961	0.0625	-0.2031250
2962	0.078125	-0.2031250
2963	0.09375	-0.2031250
2964	0.109375	-0.2031250
2965	0.125	-0.2031250
2966	0.140625	-0.2031250
2967	0.15625	-0.2031250
2968	0.171875	-0.2031250
2969	0.1875	-0.2031250
2970	0.203125	-0.2031250
2971	0.21875	-0.2031250
2972	0.234375	-0.2031250
2973	0.25	-0.2031250
2974	0.265625	-0.2031250
2975	0.28125	-0.2031250
2976	0.296875	-0.2031250
2977	0.3125	-0.2031250
2978	0.328125	-0.2031250
2979	0.34375	-0.2031250
2980	0.359375	-0.2031250
2981	0.375	-0.2031250
2982	0.390625	-0.2031250
2983	0.40625	-0.2031250
2984	0.421875	-0.2031250
2985	0.4375	-0.2031250
2986	0.453125	-0.2031250
2987	0.46875	-0.2031250
2988	0.484375	-0.2031250
2989	0.5	-0.2031250
2990	-0.5	-0.218750
2991	-0.484375	-0.218750
2992	-0.46875	-0.218750
2993	-0.453125	-0.218750
2994	-0.4375	-0.218750
2995	-0.421875	-0.218750
2996	-0.40625	-0.218750
2997	-0.390625	-0.218750
2998	-0.375	-0.218750
2999	-0.359375	-0.218750
3000	-0.34375	-0.218750
3001	-0.328125	-0.218750
3002	-0.3125	-0.218750
3003	-0.296875	-0.218750
3004	-0.28125	-0.218750
3005	-0.265625	-0.218750
3006	-0.25	-0.218750
3007	-0.234375	-0.218750
3008	-0.21875	-0.218750
3009	-0.203125	-0.218750
3010	-0.1875	-0.218750
3011	-0.171875	-0.218750
3012	-0.15625	-0.218750
3013	-0.140625	-0.218750
3014	-0.125	-0.218750
3015	-0.109375	-0.218750
3016	-0.09375	-0.218750
3017	-0.078125	-0.218750
3018	-0.0625	-0.218750
3019	-0.046875	-0.218750
3020	-0.03125	-0.218750
3021	-0.015625	-0.218750
3022	0	-0.218750
3023	0.015625	-0.218750
3024	0.03125	-0.218750
3025	0.046875	-0.218750
3026	0.0625	-0.218750
3027	0.078125	-0.218750
3028	0.09375	-0.218750
3029	0.109375	-0.218750
3030	0.125	-0.218750
3031	0.140625	-0.218750
3032	0.15625	-0.218750
3033	0.171875	-0.218750
3034	0.1875	-0.218750
3035	0.203125	-0.218750
3036	0.21875	-0.218750
3037	0.234375	-0.218750
3038	0.25	-0.218750
3039	0.265625	-0.218750
3040	0.28125	-0.218750
3041	0.296875	-0.218750
3042	0.3125	-0.218750
3043	0.328125	-0.218750
3044	0.34375	-0.218750
3045	0.359375	-0.218750
3046	0.375	-0.218750
3047	0.390625	-0.218750
3048	0.40625	-0.218750
3049	0.421875	-0.218750
3050	0.4375	-0.218750
3051	0.453125	-0.218750
3052	0.46875	-0.218750
3053	0.484375	-0.218750
3054	0.5	-0.218750
3055	-0.5	-0.2343750
3056	-0.484375	-0.2343750
3057	-0.46875	-0.2343750
3058	-0.453125	-0.2343750
3059	-0.4375	-0.2343750
3060	-0.421875	-0.2343750
3061	-0.40625	-0.2343750
3062	-0.390625	-0.2343750
3063	-0.375	-0.2343750
3064	-0.359375	-0.2343750
3065	-0.34375	-0.2343750
3066	-0.328125	-0.2343750
3067	-0.3125	-0.2343750
3068	-0.296875	-0.2343750
3069	-0.28125	-0.2343750
3070	-0.265625	-0.2343750
3071	-0.25	-0.2343750
3072	-0.234375	-0.2343750
3073	-0.21875	-0.2343750
3074	-0.203125	-0.2343750
3075	-0.1875	-0.2343750
3076	-0.171875	-0.2343750
3077	-0.15625	-0.2343750
3078	-0.140625	-0.2343750
3079	-0.125	-0.2343750
3080	-0.109375	-0.2343750
3081	-0.09375	-0.2343750
3082	-0.078125	-0.2343750
3083	-0.0625	-0.2343750
3084	-0.046875	-0.2343750
3085	-0.03125	-0.2343750
3086	-0.015625	-0.2343750
3087	0	-0.2343750
3088	0.015625	-0.2343750
3089	0.03125	-0.2343750
3090	0.046875	-0.2343750
3091	0.0625	-0.2343750
3092	0.078125	-0.2343750
3093	0.09375	-0.2343750
3094	0.109375	-0.2343750
3095	0.125	-0.2343750
3096	0.140625	-0.2343750
3097	0.15625	-0.2343750
3098	0.171875	-0.2343750
3099	0.1875	-0.2343750
3100	0.203125	-0.2343750
3101	0.21875	-0.2343750
3102	0.234375	-0.2343750
3103	0.25	-0.2343750
3104	0.265625	-0.2343750
3105	0.28125	-0.2343750
3106	0.296875	-0.2343750
3107	0.3125	-0.2343750
3108	0.328125	-0.2343750
3109	0.34375	-0.2343750
3110	0.359375	-0.2343750
3111	0.375	-0.2343750
3112	0.390625	-0.2343750
3113	0.40625	-0.2343750
3114	0.421875	-0.2343750
3115	0.4375	-0.2343750
3116	0.453125	-0.2343750
3117	0.46875	-0.2343750
3118	0.484375	-0.2343750
3119	0.5	-0.2343750
3120	-0.5	-0.250
3121	-0.484375	-0.250
3122	-0.46875	-0.250
3123	-0.453125	-0.250
3124	-0.4375	-0.250
3125	-0.421875	-0.250
3126	-0.40625	-0.250
3127	-0.390625	-0.250
3128	-0.375	-0.250
3129	-0.359375	-0.250
3130	-0.34375	-0.250
3131	-0.328125	-0.250
3132	-0.3125	-0.250
3133	-0.296875	-0.250
3134	-0.28125	-0.250
3135	-0.265625	-0.250
3136	-0.25	-0.250
3137	-0.234375	-0.250
3138	-0.21875	-0.250
3139	-0.203125	-0.250
3140	-0.1875	-0.250
3141	-0.171875	-0.250
3142	-0.15625	-0.250
3143	-0.140625	-0.250
3144	-0.125	-0.250
3145	-0.109375	-0.250
3146	-0.09375	-0.250
3147	-0.078125	-0.250
3148	-0.0625	-0.250
3149	-0.046875	-0.250
3150	-0.03125	-0.250
3151	-0.015625	-0.250
3152	0	-0.250
3153	0.015625	-0.250
3154	0.03125	-0.250
3155	0.046875	-0.250
3156	0.0625	-0.250
3157	0.078125	-0.250
3158	0.09375	-0.250
3159	0.109375	-0.250
3160	0.125	-0.250
3161	0.140625	-0.250
3162	0.15625	-0.250
3163	0.171875	-0.250
3164	0.1875	-0.250
3165	0.203125	-0.250
3166	0.21875	-0.250
3167	0.234375	-0.250
3168	0.25	-0.250
3169	0.265625	-0.250
3170	0.28125	-0.250
3171	0.296875	-0.250
3172	0.3125	-0.250
3173	0.328125	-0.250
3174	0.34375	-0.250
3175	0.359375	-0.250
3176	0.375	-0.250
3177	0.390625	-0.250
3178	0.40625	-0.250
3179	0.421875	-0.250
3180	0.4375	-0.250
3181	0.453125	-0.250
3182	0.46875	-0.250
3183	0.484375	-0.250
3184	0.5	-0.250
3185	-0.5	-0.2656250
3186	-0.484375	-0.2656250
3187	-0.46875	-0.2656250
3188	-0.453125	-0.2656250
3189	-0.4375	-0.2656250
3190	-0.421875	-0.2656250
3191	-0.40625	-0.2656250
3192	-0.390625	-0.2656250
3193	-0.375	-0.2656250
3194	-0.359375	-0.2656250
3195	-0.34375	-0.2656250
3196	-0.328125	-0.2656250
3197	-0.3125	-0.2656250
3198	-0.296875	-0.2656250
3199	-0.28125	-0.2656250
3200	-0.265625	-0.2656250
3201	-0.25	-0.2656250
3202	-0.234375	-0.2656250
3203	-0.21875	-0.2656250
3204	-0.203125	-0.2656250
3205	-0.1875	-0.2656250
3206	-0.171875	-0.2656250
3207	-0.15625	-0.2656250
3208	-0.140625	-0.2656250
3209	-0.125	-0.2656250
3210	-0.109375	-0.2656250
3211	-0.09375	-0.2656250
3212	-0.078125	-0.2656250
3213	-0.0625	-0.2656250
3214	-0.046875	-0.2656250
3215	-0.03125	-0.2656250
3216	-0.015625	-0.2656250
3217	0	-0.2656250
3218	0.015625	-0.2656250
3219	0.03125	-0.2656250
3220	0.046875	-0.2656250
3221	0.0625	-0.2656250
3222	0.078125	-0.2656250
3223	0.09375	-0.2656250
3224	0.109375	-0.2656250
3225	0.125	-0.2656250
3226	0.140625	-0.2656250
3227	0.15625	-0.2656250
3228	0.171875	-0.2656250
3229	0.1875	-0.2656250
3230	0.203125	-0.2656250
3231	0.21875	-0.2656250
3232	0.234375	-0.2656250
3233	0.25	-0.2656250
3234	0.265625	-0.2656250
3235	0.28125	-0.2656250
3236	0.296875	-0.2656250
3237	0.3125	-0.2656250
3238	0.328125	-0.2656250
3239	0.34375	-0.2656250
3240	0.359375	-0.2656250
3241	0.375	-0.2656250
3242	0.390625	-0.2656250
3243	0.40625	-0.2656250
3244	0.421875	-0.2656250
3245	0.4375	-0.2656250
3246	0.453125	-0.2656250
3247	0.46875	-0.2656250
3248	0.484375	-0.2656250
3249	0.5	-0.2656250
3250	-0.5	-0.281250
3251	-0.484375	-0.281250
3252	-0.46875	-0.281250
3253	-0.453125	-0.281250
3254	-0.4375	-0.281250
3255	-0.421875	-0.281250
3256	-0.40625	-0.281250
3257	-0.390625	-0.281250
3258	-0.375	-0.281250
3259	-0.359375	-0.281250
3260	-0.34375	-0.281250
3261	-0.328125	-0.281250
3262	-0.3125	-0.281250
3263	-0.296875	-0.281250
3264	-0.28125	-0.281250
3265	-0.265625	-0.281250
3266	-0.25	-0.281250
3267	-0.234375	-0.281250
3268	-0.21875	-0.281250
3269	-0.203125	-0.281250
3270	-0.1875	-0.281250
3271	-0.171875	-0.281250
3272	-0.15625	-0.281250
3273	-0.140625	-0.281250
3274	-0.125	-0.281250
3275	-0.109375	-0.281250
3276	-0.09375	-0.281250
3277	-0.078125	-0.281250
3278	-0.0625	-0.281250
3279	-0.046875	-0.281250
3280	-0.03125	-0.281250
3281	-0.015625	-0.281250
3282	0	-0.281250
3283	0.015625	-0.281250
3284	0.03125	-0.281250
3285	0.046875	-0.281250
3286	0.0625	-0.281250
3287	0.078125	-0.281250
3288	0.09375	-0.281250
3289	0.109375	-0.281250
3290	0.125	-0.281250
3291	0.140625	-0.281250
3292	0.15625	-0.281250
3293	0.171875	-0.281250
3294	0.1875	-0.281250
3295	0.203125	-0.281250
3296	0.21875	-0.281250
3297	0.234375	-0.281250
3298	0.25	-0.281250
3299	0.265625	-0.281250
3300	0.28125	-0.281250
3301	0.296875	-0.281250
3302	0.3125	-0.281250
3303	0.328125	-0.281250
3304	0.34375	-0.281250
3305	0.359375	-0.281250
3306	0.375	-0.281250
3307	0.390625	-0.281250
3308	0.40625	-0.281250
3309	0.421875	-0.281250
3310	0.4375	-0.281250
3311	0.453125	-0.281250
3312	0.46875	-0.281250
3313	0.484375	-0.281250
3314	0.5	-0.281250
3315	-0.5	-0.2968750
3316	-0.484375	-0.2968750
3317	-0.46875	-0.2968750
3318	-0.453125	-0.2968750
3319	-0.4375	-0.2968750
3320	-0.421875	-0.2968750
3321	-0.40625	-0.2968750
3322	-0.390625	-0.2968750
3323	-0.375	-0.2968750
3324	-0.359375	-0.2968750
3325	-0.34375	-0.2968750
3326	-0.328125	-0.2968750
3327	-0.3125	-0.2968750
3328	-0.296875	-0.2968750
3329	-0.28125	-0.2968750
3330	-0.265625	-0.2968750
3331	-0.25	-0.2968750
3332	-0.234375	-0.2968750
3333	-0.21875	-0.2968750
3334	-0.203125	-0.2968750
3335	-0.1875	-0.2968750
3336	-0.171875	-0.2968750
3337	-0.15625	-0.2968750
3338	-0.140625	-0.2968750
3339	-0.125	-0.2968750
3340	-0.109375	-0.2968750
3341	-0.09375	-0.2968750
3342	-0.078125	-0.2968750
3343	-0.0625	-0.2968750
3344	-0.046875	-0.2968750
3345	-0.03125	-0.2968750
3346	-0.015625	-0.2968750
3347	0	-0.2968750
3348	0.015625	-0.2968750
3349	0.03125	-0.2968750
3350	0.046875	-0.2968750
3351	0.0625	-0.2968750
3352	0.078125	-0.2968750
3353	0.09375	-0.2968750
3354	0.109375	-0.2968750
3355	0.125	-0.2968750
3356	0.140625	-0.2968750
3357	0.15625	-0.2968750
3358	0.171875	-0.2968750
3359	0.1875	-0.2968750
3360	0.203125	-0.2968750
3361	0.21875	-0.2968750
3362	0.234375	-0.2968750
3363	0.25	-0.2968750
3364	0.265625	-0.2968750
3365	0.28125	-0.2968750
3366	0.296875	-0.2968750
3367	0.3125	-0.2968750
3368	0.328125	-0.2968750
3369	0.34375	-0.2968750
3370	0.359375	-0.2968750
3371	0.375	-0.2968750
3372	0.390625	-0.2968750
3373	0.40625	-0.2968750
3374	0.421875	-0.2968750
3375	0.4375	-0.2968750
3376	0.453125	-0.2968750
3377	0.46875	-0.2968750
3378	0.484375	-0.2968750
3379	0.5	-0.2968750
3380	-0.5	-0.31250
3381	-0.484375	-0.31250
3382	-0.46875	-0.31250
3383	-0.453125	-0.31250
3384	-0.4375	-0.31250
3385	-0.421875	-0.31250
3386	-0.40625	-0.31250
3387	-0.390625	-0.31250
3388	-0.375	-0.31250
3389	-0.359375	-0.31250
3390	-0.34375	-0.31250
3391	-0.328125	-0.31250
3392	-0.3125	-0.31250
3393	-0.296875	-0.31250
3394	-0.28125	-0.31250
3395	-0.265625	-0.31250
3396	-0.25	-0.31250
3397	-0.234375	-0.31250
3398	-0.21875	-0.31250
3399	-0.203125	-0.31250
3400	-0.1875	-0.31250
3401	-0.171875	-0.31250
3402	-0.15625	-0.31250
3403	-0.140625	-0.31250
3404	-0.125	-0.31250
3405	-0.109375	-0.31250
3406	-0.09375	-0.31250
3407	-0.078125	-0.31250
3408	-0.0625	-0.31250
3409	-0.046875	-0.31250
3410	-0.03125	-0.31250
3411	-0.015625	-0.31250
3412	0	-0.31250
3413	0.015625	-0.31250
3414	0.03125	-0.31250
3415	0.046875	-0.31250
3416	0.0625	-0.31250
3417	0.078125	-0.31250
3418	0.09375	-0.31250
3419	0.109375	-0.31250
3420	0.125	-0.31250
3421	0.140625	-0.31250
3422	0.15625	-0.31250
3423	0.171875	-0.31250
3424	0.1875	-0.31250
3425	0.203125	-0.31250
3426	0.21875	-0.31250
3427	0.234375	-0.31250
3428	0.25	-0.31250
3429	0.265625	-0.31250
3430	0.28125	-0.31250
3431	0.296875	-0.31250
3432	0.3125	-0.31250
3433	0.328125	-0.31250
3434	0.34375	-0.31250
3435	0.359375	-0.31250
3436	0.375	-0.31250
3437	0.390625	-0.31250
3438	0.40625	-0.31250
3439	0.421875	-0.31250
3440	0.4375	-0.31250
3441	0.453125	-0.31250
3442	0.46875	-0.31250
3443	0.484375	-0.31250
3444	0.5	-0.31250
3445	-0.5	-0.3281250
3446	-0.484375	-0.3281250
3447	-0.46875	-0.3281250
3448	-0.453125	-0.3281250
3449	-0.4375	-0.3281250
3450	-0.421875	-0.3281250
3451	-0.40625	-0.3281250
3452	-0.390625	-0.3281250
3453	-0.375	-0.3281250
3454	-0.359375	-0.3281250
3455	-0.34375	-0.3281250
3456	-0.328125	-0.3281250
3457	-0.3125	-0.3281250
3458	-0.296875	-0.3281250
3459	-0.28125	-0.3281250
3460	-0.265625	-0.3281250
3461	-0.25	-0.3281250
3462	-0.234375	-0.3281250
3463	-0.21875	-0.3281250
3464	-0.203125	-0.3281250
3465	-0.1875	-0.3281250
3466	-0.171875	-0.3281250
3467	-0.15625	-0.3281250
3468	-0.140625	-0.3281250
3469	-0.125	-0.3281250
3470	-0.109375	-0.3281250
3471	-0.09375	-0.3281250
3472	-0.078125	-0.3281250
3473	-0.0625	-0.3281250
3474	-0.046875	-0.3281250
3475	-0.03125	-0.3281250
3476	-0.015625	-0.3281250
3477	0	-0.3281250
3478	0.015625	-0.3281250
3479	0.03125	-0.3281250
3480	0.046875	-0.3281250
3481	0.0625	-0.3281250
3482	0.078125	-0.3281250
3483	0.09375	-0.3281250
3484	0.109375	-0.3281250
3485	0.125	-0.3281250
3486	0.140625	-0.3281250
3487	0.15625	-0.3281250
3488	0.171875	-0.3281250
3489	0.1875	-0.3281250
3490	0.203125	-0.3281250
3491	0.21875	-0.3281250
3492	0.234375	-0.3281250
3493	0.25	-0.3281250
3494	0.265625	-0.3281250
3495	0.28125	-0.3281250
3496	0.296875	-0.3281250
3497	0.3125	-0.3281250
3498	0.328125	-0.3281250
3499	0.34375	-0.3281250
3500	0.359375	-0.3281250
3501	0.375	-0.3281250
3502	0.390625	-0.3281250
3503	0.40625	-0.3281250
3504	0.421875	-0.3281250
3505	0.4375	-0.3281250
3506	0.453125	-0.3281250
3507	0.46875	-0.3281250
3508	0.484375	-0.3281250
3509	0.5	-0.3281250
3510	-0.5	-0.343750
3511	-0.484375	-0.343750
3512	-0.46875	-0.343750
3513	-0.453125	-0.343750
3514	-0.4375	-0.343750
3515	-0.421875	-0.343750
3516	-0.40625	-0.343750
3517	-0.390625	-0.343750
3518	-0.375	-0.343750
3519	-0.359375	-0.343750
3520	-0.34375	-0.343750
3521	-0.328125	-0.343750
3522	-0.3125	-0.343750
3523	-0.296875	-0.343750
3524	-0.28125	-0.343750
3525	-0.265625	-0.343750
3526	-0.25	-0.343750
3527	-0.234375	-0.343750
3528	-0.21875	-0.343750
3529	-0.203125	-0.343750
3530	-0.1875	-0.343750
3531	-0.171875	-0.343750
3532	-0.15625	-0.343750
3533	-0.140625	-0.343750
3534	-0.125	-0.343750
3535	-0.109375	-0.343750
3536	-0.09375	-0.343750
3537	-0.078125	-0.343750
3538	-0.0625	-0.343750
3539	-0.046875	-0.343750
3540	-0.03125	-0.343750
3541	-0.015625	-0.343750
3542	0	-0.343750
3543	0.015625	-0.343750
3544	0.03125	-0.343750
3545	0.046875	-0.343750
3546	0.0625	-0.343750
3547	0.078125	-0.343750
3548	0.09375	-0.343750
3549	0.109375	-0.343750
3550	0.125	-0.343750
3551	0.140625	-0.343750
3552	0.15625	-0.343750
3553	0.171875	-0.343750
3554	0.1875	-0.343750
3555	0.203125	-0.343750
3556	0.21875	-0.343750
3557	0.234375	-0.343750
3558	0.25	-0.343750
3559	0.265625	-0.343750
3560	0.28125	-0.343750
3561	0.296875	-0.343750
3562	0.3125	-0.343750
3563	0.328125	-0.343750
3564	0.34375	-0.343750
3565	0.359375	-0.343750
3566	0.375	-0.343750
3567	0.390625	-0.343750
3568	0.40625	-0.343750
3569	0.421875	-0.343750
3570	0.4375	-0.343750
3571	0.453125	-0.343750
3572	0.46875	-0.343750
3573	0.484375	-0.343750
3574	0.5	-0.343750
3575	-0.5	-0.3593750
3576	-0.484375	-0.3593750
3577	-0.46875	-0.3593750
3578	-0.453125	-0.3593750
3579	-0.4375	-0.3593750
3580	-0.421875	-0.3593750
3581	-0.40625	-0.3593750
3582	-0.390625	-0.3593750
3583	-0.375	-0.3593750
3584	-0.359375	-0.3593750
3585	-0.34375	-0.3593750
3586	-0.328125	-0.3593750
3587	-0.3125	-0.3593750
3588	-0.296875	-0.3593750
3589	-0.28125	-0.3593750
3590	-0.265625	-0.3593750
3591	-0.25	-0.3593750
3592	-0.234375	-0.3593750
3593	-0.21875	-0.3593750
3594	-0.203125	-0.3593750
3595	-0.1875	-0.3593750
3596	-0.171875	-0.3593750
3597	-0.15625	-0.3593750
3598	-0.140625	-0.3593750
3599	-0.125	-0.3593750
3600	-0.109375	-0.3593750
3601	-0.09375	-0.3593750
3602	-0.078125	-0.3593750
3603	-0.0625	-0.3593750
3604	-0.046875	-0.3593750
3605	-0.03125	-0.3593750
3606	-0.015625	-0.3593750
3607	0	-0.3593750
3608	0.015625	-0.3593750
3609	0.03125	-0.3593750
3610	0.046875	-0.3593750
3611	0.0625	-0.3593750
3612	0.078125	-0.3593750
3613	0.09375	-0.3593750
3614	0.109375	-0.3593750
3615	0.125	-0.3593750
3616	0.140625	-0.3593750
3617	0.15625	-0.3593750
3618	0.171875	-0.3593750
3619	0.1875	-0.3593750
3620	0.203125	-0.3593750
3621	0.21875	-0.3593750
3622	0.234375	-0.3593750
3623	0.25	-0.3593750
3624	0.265625	-0.3593750
3625	0.28125	-0.3593750
3626	0.296875	-0.3593750
3627	0.3125	-0.3593750
3628	0.328125	-0.3593750
3629	0.34375	-0.3593750
3630	0.359375	-0.3593750
3631	0.375	-0.3593750
3632	0.390625	-0.3593750
3633	0.40625	-0.3593750
3634	0.421875	-0.3593750
3635	0.4375	-0.3593750
3636	0.453125	-0.3593750
3637	0.46875	-0.3593750
3638	0.484375	-0.3593750
3639	0.5	-0.3593750
3640	-0.5	-0.3750
3641	-0.484375	-0.3750
3642	-0.46875	-0.3750
3643	-0.453125	-0.3750
3644	-0.4375	-0.3750
3645	-0.421875	-0.3750
3646	-0.40625	-0.3750
3647	-0.390625	-0.3750
3648	-0.375	-0.3750
3649	-0.359375	-0.3750
3650	-0.34375	-0.3750
3651	-0.328125	-0.3750
3652	-0.3125	-0.3750
3653	-0.296875	-0.3750
3654	-0.28125	-0.3750
3655	-0.265625	-0.3750
3656	-0.25	-0.3750
3657	-0.234375	-0.3750
3658	-0.21875	-0.3750
3659	-0.203125	-0.3750
3660	-0.1875	-0.3750
3661	-0.171875	-0.3750
3662	-0.15625	-0.3750
3663	-0.140625	-0.3750
3664	-0.125	-0.3750
3665	-0.109375	-0.3750
3666	-0.09375	-0.3750
3667	-0.078125	-0.3750
3668	-0.0625	-0.3750
3669	-0.046875	-0.3750
3670	-0.03125	-0.3750
3671	-0.015625	-0.3750
3672	0	-0.3750
3673	0.015625	-0.3750
3674	0.03125	-0.3750
3675	0.046875	-0.3750
3676	0.0625	-0.3750
3677	0.078125	-0.3750
3678	0.09375	-0.3750
3679	0.109375	-0.3750
3680	0.125	-0.3750
3681	0.140625	-0.3750
3682	0.15625	-0.3750
3683	0.171875	-0.3750
3684	0.1875	-0.3750
3685	0.203125	-0.3750
3686	0.21875	-0.3750
3687	0.234375	-0.3750
3688	0.25	-0.3750
3689	0.265625	-0.3750
3690	0.28125	-0.3750
3691	0.296875	-0.3750
3692	0.3125	-0.3750
3693	0.328125	-0.3750
3694	0.34375	-0.3750
3695	0.359375	-0.3750
3696	0.375	-0.3750
3697	0.390625	-0.3750
3698	0.40625	-0.3750
3699	0.421875	-0.3750
3700	0.4375	-0.3750
3701	0.453125	-0.3750
3702	0.46875	-0.3750
3703	0.484375	-0.3750
3704	0.5	-0.3750
3705	-0.5	-0.3906250
3706	-0.484375	-0.3906250
3707	-0.46875	-0.3906250
3708	-0.453125	-0.3906250
3709	-0.4375	-0.3906250
3710	-0.421875	-0.3906250
3711	-0.40625	-0.3906250
3712	-0.390625	-0.3906250
3713	-0.375	-0.3906250
3714	-0.359375	-0.3906250
3715	-0.34375	-0.3906250
3716	-0.328125	-0.3906250
3717	-0.3125	-0.3906250
3718	-0.296875	-0.3906250
3719	-0.28125	-0.3906250
3720	-0.265625	-0.3906250
3721	-0.25	-0.3906250
3722	-0.234375	-0.3906250
3723	-0.21875	-0.3906250
3724	-0.203125	-0.3906250
3725	-0.1875	-0.3906250
3726	-0.171875	-0.3906250
3727	-0.15625	-0.3906250
3728	-0.140625	-0.3906250
3729	-0.125	-0.3906250
3730	-0.109375	-0.3906250
3731	-0.09375	-0.3906250
3732	-0.078125	-0.3906250
3733	-0.0625	-0.3906250
3734	-0.046875	-0.3906250
3735	-0.03125	-0.3906250
3736	-0.015625	-0.3906250
3737	0	-0.3906250
3738	0.015625	-0.3906250
3739	0.03125	-0.3906250
3740	0.046875	-0.3906250
3741	0.0625	-0.3906250
3742	0.078125	-0.3906250
3743	0.09375	-0.3906250
3744	0.109375	-0.3906250
3745	0.125	-0.3906250
3746	0.140625	-0.3906250
3747	0.15625	-0.3906250
3748	0.171875	-0.3906250
3749	0.1875	-0.3906250
3750	0.203125	-0.3906250
3751	0.21875	-0.3906250
3752	0.234375	-0.3906250
3753	0.25	-0.3906250
3754	0.265625	-0.3906250
3755	0.28125	-0.3906250
3756	0.296875	-0.3906250
3757	0.3125	-0.3906250
3758	0.328125	-0.3906250
3759	0.34375	-0.3906250
3760	0.359375	-0.3906250
3761	0.375	-0.3906250
3762	0.390625	-0.3906250
3763	0.40625	-0.3906250
3764	0.421875	-0.3906250
3765	0.4375	-0.3906250
3766	0.453125	-0.3906250
3767	0.46875	-0.3906250
3768	0.484375	-0.3906250
3769	0.5	-0.3906250
3770	-0.5	-0.406250
3771	-0.484375	-0.406250
3772	-0.46875	-0.406250
3773	-0.453125	-0.406250
3774	-0.4375	-0.406250
3775	-0.421875	-0.406250
3776	-0.40625	-0.406250
3777	-0.390625	-0.406250
3778	-0.375	-0.406250
3779	-0.359375	-0.406250
3780	-0.34375	-0.406250
3781	-0.328125	-0.406250
3782	-0.3125	-0.406250
3783	-0.296875	-0.406250
3784	-0.28125	-0.406250
3785	-0.265625	-0.406250
3786	-0.25	-0.406250
3787	-0.234375	-0.406250
3788	-0.21875	-0.406250
3789	-0.203125	-0.406250
3790	-0.1875	-0.406250
3791	-0.171875	-0.406250
3792	-0.15625	-0.406250
3793	-0.140625	-0.406250
3794	-0.125	-0.406250
3795	-0.109375	-0.406250
3796	-0.09375	-0.406250
3797	-0.078125	-0.406250
3798	-0.0625	-0.406250
3799	-0.046875	-0.406250
3800	-0.03125	-0.406250
3801	-0.015625	-0.406250
3802	0	-0.406250
3803	0.015625	-0.406250
3804	0.03125	-0.406250
3805	0.046875	-0.406250
3806	0.0625	-0.406250
3807	0.078125	-0.406250
3808	0.09375	-0.406250
3809	0.109375	-0.406250
3810	0.125	-0.406250
3811	0.140625	-0.406250
3812	0.15625	-0.406250
3813	0.171875	-0.406250
3814	0.1875	-0.406250
3815	0.203125	-0.406250
3816	0.21875	-0.406250
3817	0.234375	-0.406250
3818	0.25	-0.406250
3819	0.265625	-0.406250
3820	0.28125	-0.406250
3821	0.296875	-0.406250
3822	0.3125	-0.406250
3823	0.328125	-0.406250
3824	0.34375	-0.406250
3825	0.359375	-0.406250
3826	0.375	-0.406250
3827	0.390625	-0.406250
3828	0.40625	-0.406250
3829	0.421875	-0.406250
3830	0.4375	-0.406250
3831	0.453125	-0.406250
3832	0.46875	-0.406250
3833	0.484375	-0.406250
3834	0.5	-0.406250
3835	-0.5	-0.4218750
3836	-0.484375	-0.4218750
3837	-0.46875	-0.4218750
3838	-0.453125	-0.4218750
3839	-0.4375	-0.4218750
3840	-0.421875	-0.4218750
3841	-0.40625	-0.4218750
3842	-0.390625	-0.4218750
3843	-0.375	-0.4218750
3844	-0.359375	-0.4218750
3845	-0.34375	-0.4218750
3846	-0.328125	-0.4218750
3847	-0.3125	-0.4218750
3848	-0.296875	-0.4218750
3849	-0.28125	-0.4218750
3850	-0.265625	-0.4218750
3851	-0.25	-0.4218750
3852	-0.234375	-0.4218750
3853	-0.21875	-0.4218750
3854	-0.203125	-0.4218750
3855	-0.1875	-0.4218750
3856	-0.171875	-0.4218750
3857	-0.15625	-0.4218750
3858	-0.140625	-0.4218750
3859	-0.125	-0.4218750
3860	-0.109375	-0.4218750
3861	-0.09375	-0.4218750
3862	-0.078125	-0.4218750
3863	-0.0625	-0.4218750
3864	-0.046875	-0.4218750
3865	-0.03125	-0.4218750
3866	-0.015625	-0.4218750
3867	0	-0.4218750
3868	0.015625	-0.4218750
3869	0.03125	-0.4218750
3870	0.046875	-0.4218750
3871	0.0625	-0.4218750
3872	0.078125	-0.4218750
3873	0.09375	-0.4218750
3874	0.109375	-0.4218750
3875	0.125	-0.4218750
3876	0.140625	-0.4218750
3877	0.15625	-0.4218750
3878	0.171875	-0.4218750
3879	0.1875	-0.4218750
3880	0.203125	-0.4218750
3881	0.21875	-0.4218750
3882	0.234375	-0.4218750
3883	0.25	-0.4218750
3884	0.265625	-0.4218750
3885	0.28125	-0.4218750
3886	0.296875	-0.4218750
3887	0.3125	-0.4218750
3888	0.328125	-0.4218750
3889	0.34375	-0.4218750
3890	0.359375	-0.4218750
3891	0.375	-0.4218750
3892	0.390625	-0.4218750
3893	0.40625	-0.4218750
3894	0.421875	-0.4218750
3895	0.4375	-0.4218750
3896	0.453125	-0.4218750
3897	0.46875	-0.4218750
3898	0.484375	-0.4218750
3899	0.5	-0.4218750
3900	-0.5	-0.43750
3901	-0.484375	-0.43750
3902	-0.46875	-0.43750
3903	-0.453125	-0.43750
3904	-0.4375	-0.43750
3905	-0.421875	-0.43750
3906	-0.40625	-0.43750
3907	-0.390625	-0.43750
3908	-0.375	-0.43750
3909	-0.359375	-0.43750
3910	-0.34375	-0.43750
3911	-0.328125	-0.43750
3912	-0.3125	-0.43750
3913	-0.296875	-0.43750
3914	-0.28125	-0.43750
3915	-0.265625	-0.43750
3916	-0.25	-0.43750
3917	-0.234375	-0.43750
3918	-0.21875	-0.43750
3919	-0.203125	-0.43750
3920	-0.1875	-0.43750
3921	-0.171875	-0.43750
3922	-0.15625	-0.43750
3923	-0.140625	-0.43750
3924	-0.125	-0.43750
3925	-0.109375	-0.43750
3926	-0.09375	-0.43750
3927	-0.078125	-0.43750
3928	-0.0625	-0.43750
3929	-0.046875	-0.43750
3930	-0.03125	-0.43750
3931	-0.015625	-0.43750
3932	0	-0.43750
3933	0.015625	-0.43750
3934	0.03125	-0.43750
3935	0.046875	-0.43750
3936	0.0625	-0.43750
3937	0.078125	-0.43750
3938	0.09375	-0.43750
3939	0.109375	-0.43750
3940	0.125	-0.43750
3941	0.140625	-0.43750
3942	0.15625	-0.43750
3943	0.171875	-0.43750
3944	0.1875	-0.43750
3945	0.203125	-0.43750
3946	0.21875	-0.43750
3947	0.234375	-0.43750
3948	0.25	-0.43750
3949	0.265625	-0.43750
3950	0.28125	-0.43750
3951	0.296875	-0.43750
3952	0.3125	-0.43750
3953	0.328125	-0.43750
3954	0.34375	-0.43750
3955	0.359375	-0.43750
3956	0.375	-0.43750
3957	0.390625	-0.43750
3958	0.40625	-0.43750
3959	0.421875	-0.43750
3960	0.4375	-0.43750
3961	0.453125	-0.43750
3962	0.46875	-0.43750
3963	0.484375	-0.43750
3964	0.5	-0.43750
3965	-0.5	-0.4531250
3966	-0.484375	-0.4531250
3967	-0.46875	-0.4531250
3968	-0.453125	-0.4531250
3969	-0.4375	-0.4531250
3970	-0.421875	-0.4531250
3971	-0.40625	-0.4531250
3972	-0.390625	-0.4531250
3973	-0.375	-0.4531250
3974	-0.359375	-0.4531250
3975	-0.34375	-0.4531250
3976	-0.328125	-0.4531250
3977	-0.3125	-0.4531250
3978	-0.296875	-0.4531250
3979	-0.28125	-0.4531250
3980	-0.265625	-0.4531250
3981	-0.25	-0.4531250
3982	-0.234375	-0.4531250
3983	-0.21875	-0.4531250
3984	-0.203125	-0.4531250
3985	-0.1875	-0.4531250
3986	-0.171875	-0.4531250
3987	-0.15625	-0.4531250
3988	-0.140625	-0.4531250
3989	-0.125	-0.4531250
3990	-0.109375	-0.4531250
3991	-0.09375	-0.4531250
3992	-0.078125	-0.4531250
3993	-0.0625	-0.4531250
3994	-0.046875	-0.4531250
3995	-0.03125	-0.4531250
3996	-0.015625	-0.4531250
3997	0	-0.4531250
3998	0.015625	-0.4531250
3999	0.03125	-0.4531250
4000	0.046875	-0.4531250
4001	0.0625	-0.4531250
4002	0.078125	-0.4531250
4003	0.09375	-0.4531250
4004	0.109375	-0.4531250
4005	0.125	-0.4531250
4006	0.140625	-0.4531250
4007	0.15625	-0.4531250
4008	0.171875	-0.4531250
4009	0.1875	-0.4531250
4010	0.203125	-0.4531250
4011	0.21875	-0.4531250
4012	0.234375	-0.4531250
4013	0.25	-0.4531250
4014	0.265625	-0.4531250
4015	0.28125	-0.4531250
4016	0.296875	-0.4531250
4017	0.3125	-0.4531250
4018	0.328125	-0.4531250
4019	0.34375	-0.4531250
4020	0.359375	-0.4531250
4021	0.375	-0.4531250
4022	0.390625	-0.4531250
4023	0.40625	-0.4531250
4024	0.421875	-0.4531250
4025	0.4375	-0.4531250
4026	0.453125	-0.4531250
4027	0.46875	-0.4531250
4028	0.484375	-0.4531250
4029	0.5	-0.4531250
4030	-0.5	-0.468750
4031	-0.484375	-0.468750
4032	-0.46875	-0.468750
4033	-0.453125	-0.468750
4034	-0.4375	-0.468750
4035	-0.421875	-0.468750
4036	-0.40625	-0.468750
4037	-0.390625	-0.468750
4038	-0.375	-0.468750
4039	-0.359375	-0.468750
4040	-0.34375	-0.468750
4041	-0.328125	-0.468750
4042	-0.3125	-0.468750
4043	-0.296875	-0.468750
4044	-0.28125	-0.468750
4045	-0.265625	-0.468750
4046	-0.25	-0.468750
4047	-0.234375	-0.468750
4048	-0.21875	-0.468750
4049	-0.203125	-0.468750
4050	-0.1875	-0.468750
4051	-0.171875	-0.468750
4052	-0.15625	-0.468750
4053	-0.140625	-0.468750
4054	-0.125	-0.468750
4055	-0.109375	-0.468750
4056	-0.09375	-0.468750
4057	-0.078125	-0.468750
4058	-0.0625	-0.468750
4059	-0.046875	-0.468750
4060	-0.03125	-0.468750
4061	-0.015625	-0.468750
4062	0	-0.468750
4063	0.015625	-0.468750
4064	0.03125	-0.468750
4065	0.046875	-0.468750
4066	0.0625	-0.468750
4067	0.078125	-0.468750
4068	0.09375	-0.468750
4069	0.109375	-0.468750
4070	0.125	-0.468750
4071	0.140625	-0.468750
4072	0.15625	-0.468750
4073	0.171875	-0.468750
4074	0.1875	-0.468750
4075	0.203125	-0.468750
4076	0.21875	-0.468750
4077	0.234375	-0.468750
4078	0.25	-0.468750
4079	0.265625	-0.468750
4080	0.28125	-0.468750
4081	0.296875	-0.468750
4082	0.3125	-0.468750
4083	0.328125	-0.468750
4084	0.34375	-0.468750
4085	0.359375	-0.468750
4086	0.375	-0.468750
4087	0.390625	-0.468750
4088	0.40625	-0.468750
4089	0.421875	-0.468750
4090	0.4375	-0.468750
4091	0.453125	-0.468750
4092	0.46875	-0.468750
4093	0.484375	-0.468750
4094	0.5	-0.468750
4095	-0.5	-0.4843750
4096	-0.484375	-0.4843750
4097	-0.46875	-0.4843750
4098	-0.453125	-0.4843750
4099	-0.4375	-0.4843750
4100	-0.421875	-0.4843750
4101	-0.40625	-0.4843750
4102	-0.390625	-0.4843750
4103	-0.375	-0.4843750
4104	-0.359375	-0.4843750
4105	-0.34375	-0.4843750
4106	-0.328125	-0.4843750
4107	-0.3125	-0.4843750
4108	-0.296875	-0.4843750
4109	-0.28125	-0.4843750
4110	-0.265625	-0.4843750
4111	-0.25	-0.4843750
4112	-0.234375	-0.4843750
4113	-0.21875	-0.4843750
4114	-0.203125	-0.4843750
4115	-0.1875	-0.4843750
4116	-0.171875	-0.4843750
4117	-0.15625	-0.4843750
4118	-0.140625	-0.4843750
4119	-0.125	-0.4843750
4120	-0.109375	-0.4843750
4121	-0.09375	-0.4843750
4122	-0.078125	-0.4843750
4123	-0.0625	-0.4843750
4124	-0.046875	-0.4843750
4125	-0.03125	-0.4843750
4126	-0.015625	-0.4843750
4127	0	-0.4843750
4128	0.015625	-0.4843750
4129	0.03125	-0.4843750
4130	0.046875	-0.4843750
4131	0.0625	-0.4843750
4132	0.078125	-0.4843750
4133	0.09375	-0.4843750
4134	0.109375	-0.4843750
4135	0.125	-0.4843750
4136	0.140625	-0.4843750
4137	0.15625	-0.4843750
4138	0.171875	-0.4843750
4139	0.1875	-0.4843750
4140	0.203125	-0.4843750
4141	0.21875	-0.4843750
4142	0.234375	-0.4843750
4143	0.25	-0.4843750
4144	0.265625	-0.4843750
4145	0.28125	-0.4843750
4146	0.296875	-0.4843750
4147	0.3125	-0.4843750
4148	0.328125	-0.4843750
4149	0.34375	-0.4843750
4150	0.359375	-0.4843750
4151	0.375	-0.4843750
4152	0.390625	-0.4843750
4153	0.40625	-0.4843750
4154	0.421875	-0.4843750
4155	0.4375	-0.4843750
4156	0.453125	-0.4843750
4157	0.46875	-0.4843750
4158	0.484375	-0.4843750
4159	0.5	-0.4843750
4160	-0.5	-0.50
4161	-0.484375	-0.50
4162	-0.46875	-0.50
4163	-0.453125	-0.50
4164	-0.4375	-0.50
4165	-0.421875	-0.50
4166	-0.40625	-0.50
4167	-0.390625	-0.50
4168	-0.375	-0.50
4169	-0.359375	-0.50
4170	-0.34375	-0.50
4171	-0.328125	-0.50
4172	-0.3125	-0.50
4173	-0.296875	-0.50
4174	-0.28125	-0.50
4175	-0.265625	-0.50
4176	-0.25	-0.50
4177	-0.234375	-0.50
4178	-0.21875	-0.50
4179	-0.203125	-0.50
4180	-0.1875	-0.50
4181	-0.171875	-0.50
4182	-0.15625	-0.50
4183	-0.140625	-0.50
4184	-0.125	-0.50
4185	-0.109375	-0.50
4186	-0.09375	-0.50
4187	-0.078125	-0.50
4188	-0.0625	-0.50
4189	-0.046875	-0.50
4190	-0.03125	-0.50
4191	-0.015625	-0.50
4192	0	-0.50
4193	0.015625	-0.50
4194	0.03125	-0.50
4195	0.046875	-0.50
4196	0.0625	-0.50
4197	0.078125	-0.50
4198	0.09375	-0.50
4199	0.109375	-0.50
4200	0.125	-0.50
4201	0.140625	-0.50
4202	0.15625	-0.50
4203	0.171875	-0.50
4204	0.1875	-0.50
4205	0.203125	-0.50
4206	0.21875	-0.50
4207	0.234375	-0.50
4208	0.25	-0.50
4209	0.265625	-0.50
4210	0.28125	-0.50
4211	0.296875	-0.50
4212	0.3125	-0.50
4213	0.328125	-0.50
4214	0.34375	-0.50
4215	0.359375	-0.50
4216	0.375	-0.50
4217	0.390625	-0.50
4218	0.40625	-0.50
4219	0.421875	-0.50
4220	0.4375	-0.50
4221	0.453125	-0.50
4222	0.46875	-0.50
4223	0.484375	-0.50
4224	0.5	-0.50
