-0.37298	0	0.0691452	0.168588	0.232911	0.275204	0.30306	0.322061	0.335458	0.345067	0.35198	0.356891	0.360244	0.362337	0.363378	0.363521	0.362882	0.361557	0.359625	0.357159	0.354222	0.350875	0.347177	0.343186	0.33896	0.33456	0.330047	0.325485	0.320941	0.316487	0.312197	0.308152	0.304435	0.301137	0.298352	0.296182	0.294733	0.294118	0.294457	0.295876	0.298508	0.302494	0.307983	0.315134	0.324115	0.335109	0.348314	0.363948	0.382256	0.403518	0.428066	0.456299	0.488719	0.525973	0.568934	0.618822	0.677422	0.747475	0.83342	0.94284	1.08936	1.29537	1.62016	2.15033	
-0.248104	-0.0555255	0.0667089	0.14272	0.199386	0.241201	0.271682	0.294224	0.31111	0.323822	0.333382	0.340504	0.345691	0.349308	0.35162	0.352831	0.353098	0.352549	0.351289	0.34941	0.346991	0.344108	0.340828	0.337218	0.333344	0.329271	0.325066	0.320796	0.316535	0.312354	0.308334	0.304555	0.301106	0.298077	0.295567	0.293678	0.292519	0.292205	0.292857	0.294604	0.29758	0.30193	0.307803	0.31536	0.324774	0.336229	0.349927	0.36609	0.384968	0.406851	0.432078	0.461062	0.494323	0.532532	0.576589	0.627739	0.687757	0.75924	0.846025	0.953765	1.09025	1.26235	1.48821	1.78749	
-0.058172	0.0218673	0.0920586	0.147184	0.192548	0.228784	0.2572	0.279457	0.296888	0.310502	0.321076	0.329199	0.335319	0.339777	0.342838	0.34471	0.345559	0.345524	0.344719	0.343244	0.341186	0.338626	0.335638	0.332294	0.328662	0.324811	0.320812	0.316734	0.312653	0.308643	0.304784	0.301162	0.297864	0.294984	0.292621	0.290878	0.289867	0.289703	0.290508	0.292412	0.295551	0.300069	0.306116	0.313855	0.323456	0.335103	0.348995	0.365353	0.38442	0.406478	0.431853	0.460937	0.494217	0.532308	0.576006	0.626368	0.684801	0.753166	0.833832	0.929623	1.04321	1.17381	1.32116	1.47774	
0.0561171	0.0866455	0.127026	0.16511	0.199093	0.228251	0.252603	0.272661	0.289026	0.302255	0.312837	0.321186	0.327641	0.332481	0.335934	0.338187	0.339397	0.339697	0.3392	0.338007	0.336205	0.333878	0.331102	0.327949	0.324491	0.320797	0.31694	0.31299	0.309024	0.305118	0.301353	0.297814	0.294591	0.291778	0.289474	0.287785	0.28682	0.286697	0.287538	0.289472	0.292636	0.297172	0.303231	0.310972	0.320562	0.332182	0.346022	0.362293	0.381225	0.403077	0.428143	0.45677	0.489372	0.526451	0.568627	0.616663	0.671478	0.734128	0.805669	0.886877	0.977493	1.07404	1.17079	1.25373	
0.130601	0.139164	0.161045	0.186031	0.210482	0.233028	0.252996	0.270235	0.284851	0.297054	0.307088	0.315198	0.321611	0.326528	0.33013	0.332571	0.333988	0.334499	0.334211	0.333218	0.331607	0.329456	0.326843	0.32384	0.320517	0.316945	0.313196	0.309342	0.305457	0.301621	0.297913	0.294419	0.291228	0.288436	0.286141	0.284449	0.28347	0.28332	0.284122	0.286004	0.2891	0.293553	0.299509	0.307124	0.31656	0.327989	0.341593	0.357565	0.376115	0.397472	0.421888	0.449648	0.481078	0.516548	0.55648	0.60134	0.651602	0.707655	0.769608	0.836932	0.907825	0.978031	1.04071	1.08272	
0.180449	0.179541	0.190582	0.206485	0.223675	0.240683	0.256593	0.270937	0.283539	0.294376	0.303514	0.311061	0.317144	0.321894	0.325439	0.327897	0.329379	0.329986	0.329811	0.32894	0.327452	0.325425	0.322929	0.320035	0.316814	0.313333	0.309664	0.305878	0.30205	0.298256	0.294578	0.2911	0.287911	0.285106	0.282782	0.281046	0.280005	0.279776	0.280479	0.282242	0.285196	0.28948	0.295237	0.302618	0.311777	0.322876	0.336083	0.351575	0.369534	0.390156	0.413646	0.440223	0.470118	0.503572	0.540821	0.582071	0.627427	0.676786	0.729623	0.784672	0.839515	0.890112	0.930177	0.949206	
0.214549	0.210006	0.214999	0.224892	0.236792	0.249419	0.261861	0.273543	0.284146	0.293515	0.301596	0.308399	0.313973	0.31839	0.321729	0.324074	0.325509	0.326117	0.325975	0.325159	0.32374	0.321787	0.31937	0.316554	0.313405	0.309992	0.306382	0.302645	0.298855	0.295088	0.291422	0.287942	0.284736	0.281897	0.279521	0.277713	0.27658	0.276235	0.276799	0.278395	0.281152	0.285204	0.290691	0.297754	0.306541	0.317202	0.329891	0.344762	0.361973	0.381684	0.404052	0.429231	0.457368	0.488583	0.522958	0.560482	0.600991	0.644043	0.688739	0.73349	0.775824	0.812333	0.83778	0.844222	
0.238652	0.233083	0.234786	0.240784	0.248922	0.258194	0.267801	0.277172	0.285939	0.29388	0.300869	0.306854	0.311825	0.315808	0.318843	0.320984	0.322292	0.322829	0.322658	0.321844	0.320448	0.318534	0.316164	0.313399	0.310303	0.306939	0.303374	0.299675	0.295914	0.292163	0.288502	0.285012	0.28178	0.278896	0.276457	0.274563	0.273322	0.272843	0.273243	0.274644	0.27717	0.280951	0.286119	0.29281	0.301161	0.311311	0.323397	0.337555	0.353916	0.372606	0.393738	0.417409	0.443689	0.472602	0.504102	0.538022	0.574005	0.611404	0.64914	0.685555	0.718381	0.744897	0.760897	0.760522	
0.256276	0.250795	0.250761	0.254269	0.259769	0.266518	0.273863	0.281291	0.28844	0.295063	0.300999	0.306157	0.310489	0.313986	0.316659	0.318538	0.319661	0.320075	0.31983	0.318977	0.31757	0.315665	0.313317	0.310584	0.307524	0.304198	0.300668	0.297	0.293262	0.289526	0.285867	0.282366	0.279107	0.276178	0.273674	0.271693	0.270338	0.269719	0.269947	0.27114	0.27342	0.276909	0.281734	0.288023	0.295904	0.305502	0.316941	0.330336	0.345796	0.363415	0.383268	0.405404	0.429829	0.456492	0.485248	0.515821	0.54773	0.580218	0.612147	0.641928	0.667582	0.68698	0.696787	0.692724	
0.269605	0.264642	0.263739	0.265668	0.26933	0.2742	0.279765	0.285592	0.291349	0.296793	0.301752	0.306113	0.309807	0.312799	0.315082	0.316664	0.317567	0.317823	0.317468	0.316547	0.315102	0.313183	0.31084	0.308123	0.305088	0.301791	0.298292	0.294652	0.290937	0.287216	0.283563	0.280054	0.276773	0.273805	0.271241	0.269178	0.267716	0.266961	0.26702	0.268008	0.27004	0.273236	0.277713	0.283593	0.290994	0.300029	0.310808	0.323429	0.337981	0.354529	0.373118	0.393755	0.416398	0.440935	0.467154	0.494701	0.523025	0.551317	0.578457	0.602979	0.623198	0.637462	0.643131	0.637075	
0.280033	0.275709	0.274416	0.27535	0.277735	0.28121	0.285385	0.289905	0.294483	0.298894	0.302968	0.306585	0.309665	0.312158	0.314041	0.315309	0.315971	0.316045	0.31556	0.314549	0.313048	0.311099	0.308745	0.306035	0.303017	0.299744	0.296271	0.292659	0.288969	0.285268	0.281626	0.278119	0.274824	0.271828	0.269216	0.267084	0.265527	0.264648	0.264551	0.265346	0.267144	0.270057	0.274199	0.279681	0.286612	0.295097	0.305232	0.317099	0.330768	0.346285	0.363665	0.382884	0.403861	0.426441	0.450361	0.475217	0.50042	0.525154	0.548346	0.568677	0.584726	0.59522	0.59806	0.590931	
0.288468	0.284772	0.283347	0.283658	0.285156	0.287596	0.290688	0.294151	0.29774	0.301256	0.304542	0.307478	0.309982	0.311994	0.313484	0.314434	0.314845	0.314727	0.314097	0.312982	0.311411	0.30942	0.307048	0.304336	0.301329	0.298078	0.294633	0.29105	0.287389	0.283714	0.280092	0.276596	0.273301	0.270289	0.267646	0.26546	0.263826	0.262843	0.262611	0.263234	0.264819	0.267473	0.271303	0.276413	0.282904	0.29087	0.300396	0.311552	0.324391	0.33894	0.355194	0.373101	0.392551	0.413355	0.435216	0.457697	0.480194	0.501904	0.521821	0.538772	0.551563	0.559227	0.560083	0.55239	
0.295517	0.292383	0.29096	0.290884	0.291762	0.293434	0.295685	0.298293	0.301058	0.303808	0.306401	0.308725	0.310697	0.312258	0.313369	0.314009	0.314169	0.313853	0.313073	0.311846	0.310198	0.308159	0.305761	0.303043	0.300046	0.296815	0.293399	0.28985	0.286224	0.282583	0.278991	0.275518	0.272237	0.269226	0.266568	0.26435	0.262661	0.261597	0.261254	0.261733	0.263135	0.265561	0.269112	0.273887	0.279978	0.28747	0.296438	0.30694	0.319017	0.332678	0.347901	0.364613	0.38268	0.401886	0.421909	0.442295	0.462435	0.481554	0.498723	0.512901	0.523098	0.528587	0.528017	0.52005	
0.30159	0.298935	0.297577	0.297264	0.297709	0.298808	0.300405	0.302325	0.304408	0.306506	0.308495	0.310275	0.311765	0.312909	0.313665	0.314007	0.313924	0.313413	0.312481	0.311141	0.309413	0.307322	0.304897	0.302172	0.299184	0.295975	0.292591	0.28908	0.285497	0.2819	0.278349	0.274913	0.271661	0.268669	0.266016	0.263786	0.262067	0.260948	0.260524	0.26089	0.262142	0.264377	0.26769	0.272173	0.277912	0.284983	0.293451	0.303367	0.314755	0.327616	0.341907	0.357539	0.374358	0.392128	0.410507	0.429032	0.447101	0.463974	0.478799	0.490664	0.498752	0.502535	0.50092	0.492853	
0.306969	0.30471	0.303443	0.302986	0.303126	0.303796	0.304882	0.306251	0.307769	0.309317	0.310786	0.312087	0.313147	0.313912	0.31434	0.314404	0.314091	0.313393	0.312314	0.310863	0.309056	0.306914	0.304462	0.301732	0.298755	0.295572	0.292225	0.28876	0.285227	0.281683	0.278186	0.274801	0.271595	0.26864	0.266014	0.263797	0.262072	0.260927	0.260452	0.260739	0.261878	0.263962	0.267081	0.271319	0.276757	0.283463	0.291494	0.300891	0.311668	0.32381	0.337264	0.351922	0.367613	0.384083	0.40098	0.417835	0.434061	0.448959	0.461755	0.471657	0.478	0.480422	0.47803	0.469975	
0.311849	0.30991	0.308737	0.308194	0.308117	0.308465	0.309154	0.310078	0.311134	0.31222	0.313244	0.314129	0.31481	0.315235	0.315366	0.315176	0.314649	0.313777	0.31256	0.311005	0.309124	0.306935	0.304461	0.301728	0.298768	0.295616	0.292313	0.288901	0.285429	0.281949	0.278519	0.2752	0.272056	0.269159	0.266581	0.2644	0.262696	0.261555	0.261061	0.261302	0.262366	0.26434	0.267308	0.27135	0.276538	0.282936	0.290591	0.299533	0.309769	0.32127	0.333969	0.347743	0.362406	0.37769	0.393233	0.40857	0.423132	0.436268	0.447283	0.455495	0.460376	0.461698	0.458726	0.45076	
0.316367	0.31468	0.313594	0.313	0.312768	0.312872	0.313249	0.313819	0.314495	0.315196	0.315844	0.316371	0.316721	0.316847	0.316714	0.316296	0.315576	0.314546	0.313205	0.311555	0.309609	0.307381	0.30489	0.302162	0.299224	0.296111	0.292859	0.28951	0.286109	0.282706	0.279357	0.276119	0.273057	0.270235	0.267727	0.265606	0.263951	0.262841	0.26236	0.26259	0.263616	0.265519	0.268379	0.27227	0.277259	0.2834	0.290734	0.299281	0.309037	0.319962	0.331973	0.344937	0.35865	0.372835	0.387125	0.401061	0.414103	0.425648	0.43508	0.441823	0.445467	0.445892	0.44249	0.43467	
0.320615	0.319126	0.318114	0.31749	0.317145	0.317063	0.317197	0.317482	0.31785	0.318232	0.318564	0.318788	0.318854	0.318721	0.318357	0.317738	0.316849	0.31568	0.314229	0.312498	0.310498	0.308239	0.305741	0.303026	0.30012	0.297055	0.293864	0.290588	0.287269	0.283957	0.280703	0.277563	0.274598	0.271873	0.269456	0.267419	0.265837	0.264787	0.264349	0.2646	0.265623	0.267493	0.270285	0.274067	0.278899	0.28483	0.29189	0.300091	0.309417	0.319816	0.331193	0.343399	0.356221	0.369372	0.382485	0.395115	0.406752	0.416847	0.424861	0.430317	0.432909	0.432602	0.428888	0.421259	
0.324662	0.323322	0.322371	0.321727	0.321298	0.321074	0.321017	0.321076	0.321194	0.321315	0.321384	0.321353	0.321179	0.320826	0.320265	0.319474	0.31844	0.317153	0.31561	0.313814	0.311772	0.309496	0.307002	0.30431	0.301446	0.298438	0.29532	0.292128	0.288905	0.285696	0.282551	0.279525	0.276676	0.274067	0.271762	0.269832	0.268347	0.267383	0.267015	0.267319	0.268369	0.270239	0.272998	0.276707	0.28142	0.287177	0.294001	0.301894	0.310826	0.320736	0.331514	0.343	0.354971	0.367135	0.37913	0.390529	0.400857	0.409623	0.416363	0.420689	0.422384	0.421481	0.41755	0.410147	
0.328552	0.327322	0.326416	0.325759	0.325268	0.324934	0.324728	0.324606	0.324523	0.324432	0.324286	0.324045	0.323672	0.323134	0.322409	0.321475	0.320321	0.318937	0.317322	0.315477	0.313409	0.311129	0.308651	0.305995	0.303184	0.300246	0.297212	0.294117	0.291002	0.28791	0.28489	0.281994	0.279278	0.276802	0.274629	0.272826	0.271462	0.270608	0.270336	0.270717	0.271822	0.27372	0.276474	0.280139	0.284762	0.290374	0.296989	0.304598	0.313161	0.322603	0.332805	0.343593	0.354739	0.365949	0.376873	0.387104	0.396209	0.403753	0.409346	0.41268	0.413612	0.412229	0.40816	0.401011	
0.332315	0.331164	0.330291	0.329623	0.329083	0.328664	0.328341	0.328077	0.327834	0.327573	0.327254	0.326842	0.326306	0.325619	0.32476	0.323711	0.322462	0.321004	0.319337	0.317461	0.315383	0.313113	0.310666	0.308058	0.305314	0.302457	0.29952	0.296535	0.293541	0.290581	0.2877	0.284948	0.282381	0.280056	0.278033	0.276377	0.275153	0.274429	0.274273	0.274754	0.275937	0.277885	0.280656	0.284298	0.28885	0.294334	0.300756	0.308095	0.3163	0.325285	0.334918	0.34502	0.355356	0.365639	0.37553	0.384652	0.392612	0.399035	0.403597	0.406062	0.40635	0.404584	0.400442	0.393571	
0.335972	0.334873	0.334021	0.333344	0.332766	0.332281	0.331866	0.331491	0.331122	0.330726	0.33027	0.329722	0.329058	0.328253	0.327289	0.326152	0.324832	0.323323	0.321623	0.319734	0.317663	0.315419	0.313016	0.310472	0.307806	0.305045	0.302216	0.299354	0.296494	0.293678	0.29095	0.288358	0.285955	0.283796	0.281939	0.280445	0.279378	0.278801	0.27878	0.279377	0.280654	0.282668	0.285469	0.289101	0.293592	0.298958	0.305192	0.312263	0.320111	0.328637	0.337702	0.347121	0.356659	0.366036	0.374931	0.382998	0.38989	0.395287	0.398926	0.400635	0.400383	0.398319	0.39416	0.387584	
0.339534	0.338466	0.337626	0.336939	0.33633	0.335794	0.335309	0.334848	0.334382	0.333881	0.333318	0.332667	0.331904	0.33101	0.329969	0.328768	0.327401	0.325861	0.324148	0.322265	0.320217	0.318015	0.315671	0.313202	0.310628	0.307975	0.305268	0.302541	0.299828	0.297168	0.294606	0.292186	0.28996	0.28798	0.286302	0.284985	0.284087	0.283671	0.283796	0.28452	0.285901	0.287989	0.290829	0.294454	0.298887	0.304133	0.310175	0.316973	0.324455	0.332515	0.341007	0.349742	0.358489	0.36698	0.374917	0.381987	0.387886	0.392348	0.395168	0.396224	0.395525	0.393236	0.389106	0.382838	
0.343007	0.341955	0.341117	0.34042	0.339787	0.33921	0.338671	0.338145	0.337605	0.337026	0.336384	0.335655	0.33482	0.333863	0.332769	0.331529	0.330136	0.328586	0.326879	0.325018	0.32301	0.320864	0.318593	0.316213	0.313744	0.31121	0.308637	0.306056	0.303501	0.30101	0.298624	0.296388	0.294349	0.292559	0.29107	0.289939	0.289221	0.288973	0.289251	0.290109	0.291598	0.293762	0.296639	0.300255	0.304624	0.30974	0.31558	0.322091	0.329194	0.336776	0.344685	0.352735	0.360701	0.36833	0.375349	0.38148	0.386463	0.390081	0.392177	0.392675	0.391612	0.389163	0.385099	0.379148	
0.346393	0.345343	0.344503	0.343795	0.343141	0.342534	0.341955	0.34138	0.340787	0.340151	0.339451	0.338669	0.337785	0.336787	0.335663	0.334404	0.333005	0.331463	0.32978	0.327958	0.326004	0.323928	0.321744	0.319465	0.317113	0.31471	0.312282	0.309857	0.30747	0.305156	0.302956	0.300911	0.299068	0.297476	0.296184	0.295244	0.29471	0.294634	0.295068	0.29606	0.297655	0.299891	0.302798	0.306395	0.310686	0.315658	0.321278	0.327485	0.334193	0.341282	0.348601	0.355966	0.363164	0.369959	0.376105	0.381359	0.385504	0.388365	0.38983	0.389857	0.388504	0.385948	0.381982	0.376354	
0.349691	0.348634	0.347787	0.347067	0.346396	0.345766	0.345157	0.344548	0.343917	0.343243	0.342506	0.34169	0.340778	0.33976	0.338624	0.337365	0.335978	0.334461	0.332816	0.331048	0.329163	0.32717	0.325083	0.322918	0.320693	0.31843	0.316155	0.313896	0.311684	0.309555	0.307547	0.3057	0.304059	0.302668	0.301576	0.300831	0.300481	0.300577	0.301163	0.302283	0.303976	0.306274	0.309198	0.312761	0.316957	0.321766	0.327145	0.333029	0.339323	0.345907	0.352631	0.359317	0.365765	0.371759	0.377082	0.381526	0.38491	0.3871	0.388019	0.387653	0.386076	0.383461	0.379618	0.374313	
0.352898	0.351827	0.350968	0.350238	0.349552	0.348904	0.348276	0.347644	0.346989	0.346292	0.345534	0.3447	0.343778	0.342756	0.341626	0.340383	0.339023	0.337546	0.335954	0.334252	0.332447	0.330549	0.328571	0.326528	0.324439	0.322324	0.32021	0.318122	0.316092	0.314153	0.312341	0.310696	0.309258	0.30807	0.307177	0.306624	0.306456	0.306717	0.307448	0.308686	0.310466	0.31281	0.315735	0.319243	0.323324	0.327947	0.333065	0.338605	0.34447	0.35054	0.356668	0.362686	0.368409	0.373643	0.378198	0.381898	0.384599	0.386199	0.386653	0.385966	0.384222	0.381588	0.377887	0.372904	
0.356008	0.354918	0.354047	0.353305	0.352608	0.351948	0.351306	0.350661	0.349993	0.349285	0.34852	0.347684	0.346765	0.345754	0.344644	0.34343	0.342111	0.340687	0.33916	0.337536	0.335821	0.334027	0.332166	0.330252	0.328305	0.326346	0.324397	0.322485	0.32064	0.318893	0.317279	0.315835	0.314599	0.313612	0.312915	0.312548	0.312554	0.31297	0.313835	0.315178	0.317027	0.3194	0.322304	0.325737	0.329679	0.334095	0.33893	0.344109	0.349534	0.355085	0.360623	0.36599	0.371019	0.375537	0.379382	0.382409	0.384503	0.385592	0.385654	0.384711	0.382849	0.38023	0.376687	0.37202	
0.359014	0.357903	0.357018	0.356266	0.35556	0.354891	0.354242	0.353592	0.352921	0.352212	0.351451	0.350623	0.34972	0.348732	0.347654	0.346482	0.345215	0.343853	0.342401	0.340863	0.339247	0.337564	0.335826	0.334048	0.332249	0.330447	0.328667	0.326933	0.325274	0.323719	0.322302	0.321056	0.320019	0.319226	0.318717	0.318528	0.318696	0.319256	0.320238	0.321668	0.323568	0.325948	0.32881	0.332144	0.335925	0.340112	0.344646	0.349451	0.354428	0.359462	0.364422	0.369164	0.373535	0.377389	0.380585	0.383007	0.384568	0.38522	0.384957	0.383814	0.381879	0.379302	0.375927	0.37157	
0.361912	0.360778	0.359878	0.359117	0.358404	0.357731	0.35708	0.35643	0.355763	0.355062	0.354313	0.353504	0.352626	0.351671	0.350635	0.349513	0.348306	0.347016	0.345645	0.344201	0.34269	0.341123	0.339513	0.337875	0.336225	0.334584	0.332973	0.331416	0.329941	0.328575	0.32735	0.326298	0.325452	0.324845	0.324514	0.32449	0.324807	0.325493	0.326575	0.328074	0.330003	0.332368	0.335165	0.338377	0.341976	0.345916	0.350135	0.354556	0.359085	0.363611	0.368012	0.372158	0.375915	0.379156	0.381767	0.383653	0.384752	0.385034	0.384508	0.383215	0.381243	0.378729	0.375531	0.371474	
0.364693	0.363537	0.362624	0.361854	0.361136	0.360462	0.359813	0.359168	0.35851	0.357824	0.357095	0.356312	0.355467	0.354552	0.353564	0.352501	0.351361	0.350148	0.348865	0.347519	0.346117	0.34467	0.34319	0.341692	0.340193	0.338711	0.337268	0.335886	0.334591	0.333409	0.33237	0.331502	0.330837	0.330406	0.330239	0.330366	0.330814	0.33161	0.332772	0.334318	0.336254	0.338582	0.341293	0.344364	0.347762	0.351439	0.355334	0.359369	0.363454	0.367485	0.371352	0.374939	0.378128	0.380813	0.3829	0.384318	0.38502	0.384995	0.38426	0.382861	0.380882	0.37845	0.375431	0.371664	
0.367351	0.366174	0.365248	0.364472	0.363751	0.363078	0.362434	0.361799	0.361155	0.360488	0.359784	0.359033	0.358227	0.357358	0.356425	0.355424	0.354357	0.353225	0.352033	0.350788	0.349497	0.348171	0.346822	0.345465	0.344114	0.342789	0.341509	0.340297	0.339176	0.33817	0.337308	0.336615	0.336119	0.335849	0.335832	0.336093	0.336655	0.33754	0.338763	0.340334	0.342257	0.344527	0.34713	0.350041	0.353224	0.356629	0.360195	0.363846	0.367498	0.371056	0.37442	0.377486	0.380157	0.382343	0.383968	0.384979	0.385347	0.38507	0.384174	0.382707	0.380746	0.37841	0.375571	0.372083	
0.369879	0.368684	0.367747	0.366966	0.366244	0.365575	0.364938	0.364316	0.36369	0.363046	0.362372	0.361656	0.360892	0.360074	0.359198	0.358264	0.357272	0.356224	0.355125	0.353982	0.352803	0.351598	0.350378	0.349158	0.347953	0.34678	0.345658	0.344609	0.343653	0.342815	0.342118	0.341587	0.341247	0.341123	0.341239	0.341616	0.342274	0.343228	0.344491	0.346067	0.347956	0.350149	0.352628	0.355365	0.358322	0.361449	0.364686	0.367962	0.371198	0.374308	0.377202	0.379792	0.381995	0.383736	0.384959	0.385623	0.385713	0.385235	0.38422	0.382715	0.380793	0.378562	0.375903	0.372679	
0.372272	0.371061	0.370116	0.369331	0.368611	0.367947	0.367321	0.366713	0.366108	0.365489	0.364847	0.36417	0.363451	0.362686	0.36187	0.361004	0.360088	0.359125	0.35812	0.357079	0.35601	0.354923	0.353829	0.352743	0.351678	0.350651	0.34968	0.348785	0.347985	0.347302	0.346758	0.346376	0.346177	0.346183	0.346415	0.34689	0.347624	0.348628	0.34991	0.351472	0.353309	0.355408	0.357749	0.360302	0.363027	0.365875	0.36879	0.371704	0.374545	0.377236	0.379698	0.381856	0.383641	0.384993	0.385869	0.386241	0.386103	0.385469	0.38437	0.382854	0.380988	0.378868	0.376385	0.373413	
0.374524	0.373302	0.37235	0.371565	0.370847	0.37019	0.369576	0.368985	0.368401	0.367811	0.367202	0.366565	0.365893	0.365181	0.364427	0.36363	0.36279	0.361911	0.360998	0.360057	0.359095	0.358123	0.357151	0.356193	0.355262	0.354374	0.353545	0.352794	0.352139	0.351599	0.351195	0.350947	0.350873	0.350993	0.351322	0.351877	0.352668	0.353704	0.354988	0.356518	0.358287	0.360279	0.362471	0.364832	0.367324	0.369898	0.3725	0.37507	0.377541	0.379845	0.381915	0.383686	0.385102	0.386117	0.386698	0.386828	0.386507	0.385755	0.384603	0.383097	0.381299	0.379295	0.376983	0.374249	
0.376632	0.375401	0.374447	0.373662	0.372949	0.372301	0.371699	0.371127	0.370566	0.370004	0.36943	0.368833	0.368209	0.367551	0.366858	0.366128	0.365364	0.364568	0.363744	0.3629	0.362042	0.361179	0.360324	0.359487	0.358682	0.357924	0.357227	0.356609	0.356087	0.355678	0.3554	0.35527	0.355306	0.355522	0.355932	0.356549	0.35738	0.35843	0.359699	0.361183	0.362871	0.364745	0.366781	0.368949	0.37121	0.373518	0.375823	0.378069	0.380197	0.382149	0.383866	0.385295	0.38639	0.387115	0.387449	0.387381	0.386917	0.38608	0.384901	0.383422	0.381701	0.379814	0.377668	0.375157	
0.378591	0.377357	0.376402	0.375621	0.374914	0.374276	0.373689	0.373135	0.372598	0.372065	0.371525	0.370969	0.370392	0.369787	0.369154	0.368491	0.367799	0.367083	0.366345	0.365593	0.364834	0.364076	0.36333	0.362607	0.36192	0.361282	0.360708	0.360212	0.35981	0.359518	0.359351	0.359325	0.359454	0.35975	0.360225	0.360887	0.361742	0.36279	0.364031	0.365456	0.367053	0.368803	0.370681	0.372656	0.374691	0.376745	0.37877	0.380716	0.382532	0.384166	0.385569	0.386698	0.387516	0.387997	0.388126	0.3879	0.387328	0.386433	0.385248	0.38381	0.382172	0.380403	0.378415	0.376113	
0.380399	0.379166	0.378215	0.377438	0.37674	0.376113	0.375541	0.375006	0.374493	0.373989	0.373483	0.372968	0.372436	0.371883	0.371307	0.370708	0.370087	0.369447	0.368792	0.368127	0.367461	0.366801	0.366158	0.365541	0.364962	0.364435	0.363971	0.363586	0.363292	0.363103	0.363034	0.363097	0.363304	0.363665	0.364189	0.364881	0.365745	0.36678	0.36798	0.369337	0.370835	0.372457	0.374176	0.375963	0.377783	0.379597	0.381362	0.383033	0.384566	0.385917	0.387045	0.387914	0.388497	0.388774	0.388737	0.388386	0.387736	0.386807	0.385632	0.384246	0.382695	0.381042	0.379206	0.377098	
0.382055	0.380828	0.379883	0.379114	0.378426	0.377811	0.377255	0.376739	0.37625	0.375774	0.375302	0.374825	0.374337	0.373834	0.373314	0.372776	0.372222	0.371653	0.371075	0.370494	0.369914	0.369346	0.368797	0.368278	0.367799	0.367372	0.367008	0.366721	0.366523	0.366425	0.36644	0.366578	0.366849	0.36726	0.367819	0.368529	0.36939	0.370399	0.371549	0.372831	0.374227	0.37572	0.377284	0.37889	0.380507	0.382097	0.383623	0.385046	0.386326	0.387427	0.388315	0.388962	0.389347	0.389457	0.389287	0.388842	0.388137	0.387195	0.386044	0.384717	0.383255	0.381716	0.380022	0.378096	
0.383558	0.382341	0.381406	0.380648	0.379971	0.379369	0.378829	0.378333	0.377867	0.377419	0.376979	0.376539	0.376094	0.375638	0.37517	0.37469	0.374198	0.373698	0.373192	0.372687	0.372189	0.371704	0.371242	0.370812	0.370423	0.370087	0.369813	0.369613	0.369498	0.369479	0.369565	0.369765	0.370087	0.370537	0.371118	0.371834	0.372681	0.373656	0.37475	0.375952	0.377245	0.378611	0.380025	0.38146	0.382886	0.384271	0.385581	0.38678	0.387837	0.38872	0.389403	0.389862	0.390083	0.390057	0.389783	0.38927	0.388532	0.387591	0.386474	0.385212	0.383841	0.38241	0.380852	0.379093	
0.384909	0.383708	0.382786	0.382039	0.381375	0.380788	0.380265	0.379789	0.379346	0.378924	0.378515	0.37811	0.377704	0.377293	0.376875	0.376449	0.376016	0.375578	0.37514	0.374705	0.374281	0.373874	0.373491	0.373141	0.372834	0.372578	0.372384	0.372261	0.372218	0.372265	0.372411	0.372661	0.373022	0.373499	0.374094	0.374805	0.375631	0.376565	0.377599	0.378719	0.37991	0.381152	0.382424	0.383699	0.38495	0.386148	0.387263	0.388266	0.389127	0.389822	0.39033	0.390632	0.390719	0.390585	0.390233	0.389673	0.388918	0.387992	0.386918	0.385723	0.384441	0.383116	0.381684	0.380081	
0.38611	0.384929	0.384023	0.383291	0.382641	0.38207	0.381563	0.381106	0.380685	0.38029	0.37991	0.379538	0.37917	0.3788	0.378428	0.378052	0.377673	0.377294	0.376918	0.376548	0.376192	0.375855	0.375544	0.375267	0.375032	0.374848	0.374723	0.374667	0.374686	0.37479	0.374983	0.375274	0.375665	0.376159	0.376757	0.377457	0.378255	0.379145	0.380115	0.381154	0.382245	0.383371	0.384509	0.385636	0.386728	0.387758	0.3887	0.38953	0.390222	0.390757	0.391117	0.39129	0.391269	0.391052	0.390643	0.390053	0.389296	0.388394	0.387368	0.386243	0.385048	0.383824	0.382511	0.38105	
0.387162	0.386006	0.38512	0.384404	0.383771	0.383216	0.382727	0.382289	0.381889	0.381518	0.381166	0.380825	0.380492	0.380161	0.379832	0.379502	0.379174	0.378848	0.378528	0.378218	0.377923	0.377649	0.377403	0.377191	0.37702	0.3769	0.376836	0.376837	0.376909	0.377059	0.377293	0.377614	0.378026	0.378529	0.379124	0.379808	0.380574	0.381416	0.382323	0.383282	0.384278	0.385294	0.386308	0.387301	0.388249	0.38913	0.389921	0.390599	0.391147	0.391546	0.391784	0.391852	0.391746	0.391466	0.391018	0.390413	0.389666	0.388795	0.387821	0.386766	0.385656	0.384527	0.383326	0.381997	
0.38807	0.386944	0.38608	0.385383	0.384767	0.38423	0.383758	0.383339	0.38296	0.382612	0.382286	0.381974	0.381673	0.381379	0.381088	0.380802	0.380519	0.380242	0.379974	0.379718	0.379479	0.379262	0.379073	0.378919	0.378806	0.37874	0.37873	0.37878	0.378896	0.379085	0.37935	0.379695	0.380121	0.380628	0.381214	0.381876	0.382608	0.383402	0.384246	0.38513	0.386036	0.38695	0.387852	0.388723	0.389544	0.390293	0.390951	0.391501	0.391925	0.392212	0.39235	0.392334	0.392162	0.391837	0.391364	0.390756	0.390027	0.389192	0.388273	0.387288	0.38626	0.385222	0.384124	0.382916	
0.388838	0.387746	0.386907	0.386231	0.385635	0.385115	0.384661	0.384261	0.383902	0.383576	0.383274	0.38299	0.382718	0.382457	0.382202	0.381955	0.381714	0.381481	0.38126	0.381053	0.380864	0.380698	0.380561	0.380458	0.380395	0.380379	0.380414	0.380506	0.38066	0.380881	0.381171	0.381533	0.381967	0.382472	0.383046	0.383685	0.384381	0.385127	0.385912	0.386723	0.387547	0.388368	0.389169	0.389932	0.390639	0.391273	0.391818	0.392257	0.392579	0.392772	0.39283	0.392748	0.392527	0.392171	0.391686	0.391085	0.390379	0.389586	0.388722	0.387806	0.386857	0.385904	0.384902	0.383806	
0.389471	0.388417	0.387607	0.386953	0.386377	0.385877	0.385441	0.385059	0.38472	0.384414	0.384134	0.383875	0.383632	0.3834	0.383179	0.382966	0.382764	0.382572	0.382392	0.382229	0.382085	0.381966	0.381875	0.381817	0.381799	0.381825	0.381899	0.382027	0.382213	0.38246	0.382769	0.383143	0.383582	0.384082	0.384642	0.385256	0.385917	0.386617	0.387345	0.38809	0.388839	0.389575	0.390285	0.390953	0.391562	0.392097	0.392544	0.392891	0.393128	0.393245	0.393239	0.393107	0.392851	0.392475	0.391988	0.3914	0.390724	0.389974	0.389166	0.388316	0.387443	0.38657	0.385657	0.384664	
0.389975	0.388962	0.388184	0.387555	0.387001	0.38652	0.386103	0.385739	0.385418	0.385132	0.384873	0.384637	0.384419	0.384215	0.384023	0.383843	0.383675	0.383519	0.383378	0.383254	0.383151	0.383073	0.383023	0.383006	0.383026	0.383089	0.383198	0.383357	0.38357	0.383838	0.384163	0.384545	0.384984	0.385478	0.386022	0.386611	0.387239	0.387895	0.388572	0.389256	0.389936	0.390598	0.391228	0.391812	0.392336	0.392787	0.393152	0.393423	0.393589	0.393645	0.393589	0.39342	0.393141	0.392756	0.392274	0.391705	0.391061	0.390356	0.389604	0.388819	0.388016	0.387219	0.38639	0.385491	
0.390356	0.389389	0.388645	0.388043	0.387512	0.387051	0.386653	0.386307	0.386003	0.385735	0.385497	0.385281	0.385086	0.384907	0.384742	0.384591	0.384454	0.384331	0.384224	0.384136	0.38407	0.384028	0.384014	0.384034	0.384089	0.384184	0.384323	0.384509	0.384744	0.38503	0.385367	0.385756	0.386195	0.38668	0.387208	0.387774	0.388369	0.388987	0.389616	0.390246	0.390865	0.391461	0.392022	0.392534	0.392985	0.393365	0.393662	0.393869	0.393978	0.393987	0.393893	0.393698	0.393404	0.393018	0.392547	0.392001	0.391392	0.390732	0.390034	0.38931	0.388576	0.387849	0.387097	0.386287	
0.390621	0.389704	0.388996	0.388422	0.387916	0.387476	0.387097	0.386768	0.386482	0.386231	0.38601	0.385814	0.385639	0.385483	0.385342	0.385218	0.385108	0.385015	0.384939	0.384883	0.384849	0.38484	0.38486	0.384911	0.384998	0.385122	0.385288	0.385497	0.385752	0.386053	0.3864	0.386793	0.38723	0.387708	0.388221	0.388765	0.389331	0.389913	0.3905	0.391082	0.391649	0.392188	0.392688	0.393139	0.393529	0.393849	0.39409	0.394245	0.39431	0.394282	0.394161	0.393948	0.393647	0.393265	0.392809	0.39229	0.391716	0.391101	0.390456	0.389791	0.38912	0.38846	0.387781	0.387052	
0.390779	0.389915	0.389245	0.388701	0.388221	0.387803	0.387442	0.387131	0.386861	0.386626	0.386421	0.386243	0.386086	0.38595	0.385831	0.38573	0.385645	0.385578	0.38553	0.385503	0.385499	0.38552	0.385569	0.38565	0.385764	0.385915	0.386104	0.386334	0.386607	0.386921	0.387278	0.387675	0.38811	0.38858	0.38908	0.389604	0.390146	0.390696	0.391246	0.391787	0.392308	0.392798	0.393248	0.393647	0.393986	0.394257	0.394452	0.394567	0.394597	0.394542	0.394401	0.394177	0.393876	0.393502	0.393065	0.392572	0.392035	0.391464	0.390869	0.39026	0.389649	0.389052	0.38844	0.387787	
0.390837	0.390029	0.3894	0.388888	0.388433	0.388038	0.387696	0.387401	0.387146	0.386926	0.386737	0.386574	0.386434	0.386315	0.386215	0.386135	0.386073	0.386029	0.386007	0.386005	0.386028	0.386076	0.386152	0.386259	0.386399	0.386574	0.386785	0.387035	0.387323	0.38765	0.388015	0.388417	0.388851	0.389315	0.389804	0.390312	0.390831	0.391355	0.391874	0.39238	0.392862	0.393312	0.39372	0.394076	0.394373	0.394604	0.394763	0.394846	0.39485	0.394774	0.394621	0.394392	0.394094	0.393732	0.393315	0.392851	0.392349	0.391819	0.391272	0.390716	0.390162	0.389623	0.389074	0.388493	
0.390805	0.390055	0.38947	0.38899	0.388563	0.38819	0.387867	0.387587	0.387347	0.38714	0.386964	0.386814	0.386689	0.386585	0.386503	0.38644	0.386398	0.386376	0.386376	0.386398	0.386445	0.386518	0.386619	0.38675	0.386914	0.387111	0.387343	0.387611	0.387915	0.388255	0.388629	0.389035	0.38947	0.38993	0.39041	0.390905	0.391407	0.391909	0.392403	0.392879	0.39333	0.393746	0.39412	0.394442	0.394706	0.394905	0.395035	0.395094	0.395078	0.394989	0.394828	0.394599	0.394307	0.393959	0.393562	0.393125	0.392658	0.392168	0.391666	0.391159	0.390658	0.390174	0.389685	0.389171	
0.390691	0.390003	0.389462	0.389016	0.388616	0.388266	0.387961	0.387697	0.387469	0.387274	0.387109	0.386971	0.386858	0.386768	0.3867	0.386653	0.386629	0.386626	0.386645	0.386689	0.386758	0.386854	0.386978	0.387133	0.387319	0.387537	0.387789	0.388075	0.388395	0.388747	0.389131	0.389543	0.389981	0.39044	0.390915	0.3914	0.391889	0.392374	0.392848	0.393302	0.393728	0.394118	0.394464	0.394758	0.394996	0.395171	0.39528	0.39532	0.39529	0.395192	0.395028	0.394801	0.394518	0.394184	0.393808	0.393398	0.392962	0.39251	0.392049	0.391588	0.391136	0.390703	0.39027	0.38982	
0.390506	0.389881	0.389386	0.388974	0.388603	0.388274	0.387987	0.387737	0.387521	0.387336	0.38718	0.387052	0.386949	0.38687	0.386814	0.386781	0.386772	0.386786	0.386824	0.386887	0.386976	0.387094	0.38724	0.387416	0.387624	0.387863	0.388135	0.388439	0.388775	0.389141	0.389536	0.389957	0.390399	0.39086	0.391333	0.391813	0.392293	0.392767	0.393226	0.393663	0.39407	0.39444	0.394765	0.395039	0.395257	0.395414	0.395507	0.395534	0.395495	0.395392	0.395227	0.395004	0.39473	0.394411	0.394054	0.393669	0.393262	0.392844	0.392421	0.392002	0.391595	0.39121	0.39083	0.390442	
0.390259	0.389701	0.389253	0.388876	0.388532	0.388224	0.387953	0.387715	0.387509	0.387332	0.387184	0.387063	0.386967	0.386897	0.386851	0.38683	0.386834	0.386863	0.386917	0.386998	0.387107	0.387245	0.387412	0.387609	0.387838	0.388098	0.38839	0.388713	0.389066	0.389448	0.389856	0.390287	0.390737	0.391203	0.391678	0.392157	0.392633	0.3931	0.39355	0.393976	0.39437	0.394726	0.395037	0.395296	0.3955	0.395644	0.395726	0.395744	0.3957	0.395594	0.39543	0.395212	0.394947	0.394641	0.394302	0.393938	0.393558	0.39317	0.392781	0.3924	0.392034	0.391692	0.391362	0.391033	
0.389963	0.389473	0.389073	0.388729	0.388412	0.388124	0.387867	0.38764	0.387441	0.38727	0.387127	0.38701	0.38692	0.386856	0.386819	0.386807	0.386822	0.386864	0.386933	0.387031	0.387157	0.387314	0.387501	0.38772	0.38797	0.388251	0.388564	0.388907	0.389279	0.389678	0.390101	0.390545	0.391007	0.391481	0.391962	0.392445	0.392922	0.393387	0.393834	0.394254	0.394641	0.394988	0.39529	0.395541	0.395735	0.395871	0.395946	0.395959	0.395911	0.395804	0.395642	0.395429	0.395172	0.394878	0.394554	0.394208	0.39385	0.393487	0.393127	0.392779	0.39245	0.392148	0.391864	0.391593	
0.38963	0.389209	0.388856	0.388545	0.388252	0.387982	0.387737	0.387517	0.387323	0.387155	0.387014	0.3869	0.386813	0.386753	0.386721	0.386717	0.386741	0.386794	0.386877	0.38699	0.387134	0.387309	0.387516	0.387755	0.388027	0.38833	0.388665	0.389029	0.389422	0.38984	0.390282	0.390743	0.391219	0.391706	0.392197	0.392688	0.393171	0.39364	0.394089	0.394509	0.394894	0.395239	0.395536	0.395782	0.395973	0.396104	0.396175	0.396185	0.396135	0.396028	0.395867	0.395659	0.395408	0.395122	0.394809	0.394478	0.394136	0.393793	0.393458	0.393138	0.39284	0.392573	0.392333	0.392116	
0.389274	0.388921	0.388614	0.388334	0.388063	0.387808	0.387571	0.387355	0.387162	0.386994	0.386852	0.386737	0.38665	0.386592	0.386563	0.386564	0.386596	0.386659	0.386754	0.386882	0.387042	0.387236	0.387463	0.387723	0.388017	0.388343	0.3887	0.389088	0.389503	0.389944	0.390407	0.390888	0.391383	0.391887	0.392394	0.392898	0.393392	0.39387	0.394326	0.394751	0.395141	0.395487	0.395786	0.396032	0.396221	0.396351	0.396421	0.39643	0.396379	0.396272	0.396112	0.395905	0.395657	0.395376	0.39507	0.394747	0.394417	0.394089	0.393771	0.393472	0.3932	0.392964	0.392762	0.392598	
0.388909	0.388624	0.388361	0.388107	0.387854	0.387609	0.387376	0.38716	0.386964	0.386792	0.386645	0.386526	0.386436	0.386377	0.38635	0.386354	0.386392	0.386464	0.38657	0.386711	0.386887	0.387099	0.387346	0.387628	0.387945	0.388295	0.388677	0.38909	0.389532	0.389998	0.390486	0.390991	0.391509	0.392034	0.392561	0.393083	0.393595	0.394088	0.394556	0.394992	0.395391	0.395745	0.396049	0.396299	0.396491	0.396623	0.396693	0.396701	0.39665	0.396541	0.39638	0.396172	0.395923	0.395642	0.395337	0.395017	0.394692	0.39437	0.394063	0.393779	0.393527	0.393315	0.393146	0.393029	
0.388554	0.388334	0.388108	0.387876	0.387634	0.387393	0.387158	0.386936	0.386733	0.386552	0.386397	0.38627	0.386175	0.386112	0.386083	0.38609	0.386132	0.386212	0.386328	0.386482	0.386674	0.386903	0.387171	0.387475	0.387816	0.388192	0.388602	0.389042	0.389512	0.390007	0.390524	0.391057	0.391603	0.392155	0.392708	0.393254	0.393788	0.394302	0.394789	0.395242	0.395655	0.396021	0.396335	0.396593	0.396791	0.396927	0.396998	0.397007	0.396954	0.396843	0.396677	0.396464	0.39621	0.395923	0.395612	0.395287	0.394959	0.394637	0.394332	0.394054	0.393814	0.393619	0.393478	0.393401	
0.388229	0.388065	0.38787	0.387651	0.387413	0.387168	0.386924	0.38669	0.386473	0.386278	0.386111	0.385973	0.385869	0.3858	0.385769	0.385775	0.385821	0.385906	0.386032	0.386198	0.386406	0.386654	0.386942	0.38727	0.387636	0.388039	0.388478	0.38895	0.389451	0.389978	0.390528	0.391094	0.391673	0.392257	0.392841	0.393418	0.39398	0.394521	0.395033	0.395508	0.395941	0.396325	0.396654	0.396923	0.39713	0.397271	0.397346	0.397354	0.397298	0.397181	0.397008	0.396785	0.396519	0.396219	0.395895	0.395557	0.395216	0.394885	0.394573	0.394293	0.394055	0.39387	0.393747	0.393702	
0.387956	0.387836	0.38766	0.387445	0.387201	0.386942	0.386681	0.386428	0.386192	0.385978	0.385793	0.385642	0.385526	0.385449	0.385412	0.385417	0.385465	0.385555	0.38569	0.385869	0.386091	0.386357	0.386667	0.387019	0.387412	0.387844	0.388314	0.388818	0.389354	0.389918	0.390504	0.391108	0.391724	0.392346	0.392967	0.39358	0.394177	0.39475	0.395293	0.395796	0.396254	0.39666	0.397008	0.397292	0.39751	0.397658	0.397736	0.397744	0.397683	0.397558	0.397373	0.397134	0.39685	0.39653	0.396184	0.395824	0.395462	0.39511	0.394781	0.394489	0.394245	0.39406	0.393946	0.393922	
0.387759	0.387665	0.387491	0.387262	0.386995	0.386708	0.386416	0.386132	0.385866	0.385625	0.385417	0.385245	0.385114	0.385025	0.384981	0.384983	0.385031	0.385127	0.38527	0.385461	0.3857	0.385987	0.38632	0.386698	0.387121	0.387587	0.388093	0.388636	0.389213	0.389819	0.39045	0.3911	0.391763	0.392432	0.3931	0.393759	0.394401	0.395018	0.395601	0.396142	0.396634	0.39707	0.397443	0.397748	0.397981	0.398139	0.39822	0.398225	0.398157	0.398017	0.397813	0.39755	0.397237	0.396884	0.396503	0.396107	0.395707	0.39532	0.394959	0.394639	0.394375	0.394178	0.394064	0.394045	
0.387666	0.387573	0.387377	0.387109	0.386794	0.386455	0.386111	0.385778	0.385468	0.385188	0.384947	0.384748	0.384595	0.384491	0.384437	0.384433	0.384482	0.384583	0.384736	0.384941	0.385199	0.385508	0.385868	0.386279	0.386738	0.387243	0.387793	0.388384	0.389012	0.389672	0.39036	0.39107	0.391794	0.392525	0.393255	0.393976	0.394679	0.395354	0.395993	0.396586	0.397125	0.397602	0.398011	0.398344	0.398597	0.398767	0.398853	0.398854	0.398771	0.39861	0.398376	0.398075	0.397718	0.397315	0.396879	0.396424	0.395965	0.395519	0.395103	0.394734	0.394432	0.39421	0.394086	0.394066	
