0.301998	0.372319	0.456023	0.525253	0.578792	0.621412	0.656003	0.684434	0.708164	0.728295	0.745637	0.760783	0.774174	0.786141	0.796936	0.806753	0.815739	0.824013	0.831667	0.838774	0.845393	0.851571	0.857346	0.862746	0.867797	0.872514	0.876912	0.881	0.884784	0.888265	0.891444	0.894317	0.896878	0.89912	0.901033	0.902605	0.90382	0.904664	0.905119	0.905163	0.904774	0.903929	0.902598	0.900751	0.898353	0.895363	0.891734	0.887409	0.882318	0.876374	0.869465	0.86144	0.852097	0.841152	0.828198	0.812636	0.793557	0.769549	0.738362	0.69635	0.637954	0.552289	0.434965	0.34933	
0.0688855	0.0999522	0.162952	0.228169	0.286885	0.33936	0.38582	0.426677	0.462619	0.494376	0.522607	0.547874	0.570648	0.591313	0.610185	0.627517	0.643518	0.658355	0.672164	0.685057	0.697124	0.708441	0.719066	0.729047	0.738423	0.747223	0.75547	0.763179	0.770359	0.777014	0.783145	0.788745	0.793805	0.798313	0.802249	0.805594	0.808323	0.810407	0.811814	0.812508	0.812449	0.811593	0.809888	0.80728	0.803705	0.799089	0.793348	0.78638	0.778062	0.768241	0.756719	0.743242	0.727462	0.708906	0.686906	0.660509	0.628334	0.588386	0.537853	0.4731	0.390552	0.287375	0.175559	0.113264	
-0.000451398	-0.000762631	0.0268067	0.0672266	0.111564	0.156456	0.199866	0.240716	0.278629	0.313593	0.345772	0.3754	0.402735	0.428024	0.451494	0.473346	0.493752	0.512863	0.530804	0.547682	0.563587	0.578593	0.592762	0.606142	0.618775	0.63069	0.641911	0.652453	0.662324	0.671527	0.680059	0.68791	0.695068	0.701511	0.707217	0.712157	0.716296	0.719596	0.722012	0.723497	0.723995	0.723444	0.721778	0.718918	0.714777	0.709257	0.702241	0.693593	0.683147	0.670699	0.655992	0.638695	0.61837	0.594432	0.566089	0.532266	0.491535	0.44209	0.381922	0.309542	0.225834	0.136221	0.0582091	0.0279493	
-0.0174879	-0.0318865	-0.029093	-0.0116345	0.014829	0.0464117	0.0803693	0.114877	0.148838	0.181641	0.21298	0.242732	0.270886	0.297492	0.32263	0.346392	0.368874	0.390167	0.410352	0.429506	0.447693	0.464969	0.481383	0.496972	0.511767	0.525793	0.539065	0.551594	0.563381	0.574426	0.584718	0.594244	0.602984	0.610913	0.617999	0.624206	0.629492	0.63381	0.637106	0.639319	0.640384	0.640224	0.638757	0.63589	0.631517	0.625516	0.61775	0.608054	0.596233	0.582049	0.565207	0.545336	0.521959	0.494464	0.462067	0.423794	0.378514	0.325113	0.262973	0.192999	0.119356	0.0509622	0.00360482	-0.00434793	
-0.0190319	-0.0372353	-0.0470948	-0.0450915	-0.0333372	-0.0145879	0.00877009	0.0348608	0.0623341	0.0902688	0.118059	0.145321	0.171825	0.19744	0.222107	0.245802	0.268534	0.290321	0.311192	0.331178	0.350309	0.368613	0.386116	0.402837	0.418793	0.433993	0.448444	0.462146	0.475093	0.487275	0.498677	0.509277	0.519048	0.527959	0.535972	0.543044	0.549125	0.55416	0.558087	0.560836	0.562332	0.562488	0.56121	0.558392	0.553913	0.547638	0.539411	0.52905	0.516343	0.501033	0.482811	0.461295	0.436022	0.406423	0.371837	0.331545	0.284914	0.231709	0.172693	0.110574	0.0511203	0.00353711	-0.0206829	-0.0154906	
-0.0164717	-0.0340454	-0.0488937	-0.055545	-0.0537769	-0.0449881	-0.0308117	-0.0127789	0.00784387	0.0300811	0.0532105	0.0767122	0.10022	0.123481	0.146326	0.168642	0.190357	0.211429	0.231832	0.251554	0.270588	0.288934	0.306591	0.323559	0.339835	0.355415	0.370293	0.384456	0.39789	0.410575	0.422489	0.433601	0.44388	0.453285	0.461774	0.469296	0.475796	0.481212	0.485474	0.488507	0.490227	0.490539	0.489341	0.486516	0.481937	0.475457	0.466911	0.456108	0.442829	0.426814	0.407759	0.385308	0.359045	0.328512	0.293242	0.252867	0.207319	0.157205	0.104364	0.0525199	0.00772525	-0.0221715	-0.0302311	-0.0181403	
-0.0133068	-0.0287252	-0.0445313	-0.0552124	-0.0593847	-0.0574191	-0.0502147	-0.0388408	-0.0243163	-0.0075135	0.0108616	0.0302566	0.0502495	0.0705227	0.0908406	0.11103	0.130962	0.150547	0.169715	0.188419	0.206619	0.224289	0.241404	0.257945	0.273893	0.289228	0.30393	0.317977	0.331344	0.344003	0.355922	0.367066	0.377394	0.386861	0.395418	0.40301	0.409576	0.415047	0.419351	0.422406	0.424122	0.4244	0.423132	0.420196	0.41546	0.408772	0.399964	0.388846	0.3752	0.358781	0.339308	0.316473	0.289949	0.259423	0.224675	0.18571	0.143	0.0978275	0.0527021	0.0116826	-0.0197305	-0.035658	-0.0329851	-0.0176805	
-0.0105028	-0.0234659	-0.0383536	-0.0503286	-0.0575891	-0.0598753	-0.0575297	-0.0511983	-0.0416157	-0.0294832	-0.0154168	6.7018e-05	0.0165481	0.0336914	0.0512332	0.0689676	0.0867344	0.104409	0.121895	0.139115	0.156008	0.172525	0.188622	0.204264	0.219417	0.234048	0.248126	0.261618	0.274491	0.286708	0.298231	0.309017	0.319021	0.328192	0.336476	0.343813	0.350139	0.355381	0.359463	0.362299	0.363797	0.363856	0.362363	0.359198	0.354224	0.347293	0.33824	0.32688	0.313012	0.296412	0.276846	0.254071	0.227874	0.198115	0.164829	0.128382	0.0896866	0.0504872	0.0135942	-0.0170898	-0.0370378	-0.042372	-0.0328142	-0.0162952	
-0.00823728	-0.0189149	-0.0321496	-0.0439475	-0.0524842	-0.0571738	-0.0579923	-0.0552579	-0.0494499	-0.0410887	-0.030672	-0.0186454	-0.0053918	0.0087681	0.0235702	0.0387994	0.0542813	0.0698747	0.0854651	0.100959	0.116278	0.131358	0.146142	0.160581	0.174629	0.188244	0.201385	0.21401	0.22608	0.23755	0.248376	0.258511	0.267904	0.2765	0.284242	0.291066	0.296904	0.301684	0.305325	0.307741	0.30884	0.308517	0.306664	0.303159	0.297871	0.290656	0.281358	0.269809	0.255829	0.239232	0.219838	0.197491	0.172102	0.143715	0.11261	0.0794555	0.0454906	0.0127071	-0.0160759	-0.0374118	-0.0478865	-0.0453758	-0.0315177	-0.0148025	
-0.00646551	-0.0151764	-0.0265878	-0.0375003	-0.0462475	-0.0521143	-0.0548618	-0.0545788	-0.0515416	-0.0461093	-0.0386606	-0.0295584	-0.0191313	-0.00766756	0.00458628	0.0174217	0.0306641	0.0441675	0.05781	0.0714888	0.085117	0.0986196	0.111931	0.124993	0.137751	0.150156	0.162159	0.173713	0.184771	0.195284	0.205204	0.214479	0.223053	0.230871	0.237872	0.243989	0.249155	0.253294	0.256327	0.258167	0.258723	0.257894	0.255572	0.251642	0.24598	0.238451	0.228915	0.217225	0.203233	0.186798	0.167807	0.146199	0.122019	0.0954821	0.0670862	0.0377331	0.00886292	-0.0174633	-0.0386244	-0.0517811	-0.0546014	-0.0463669	-0.0298928	-0.0134657	
-0.00509569	-0.0121773	-0.0218565	-0.0316085	-0.0399903	-0.0462715	-0.0501038	-0.0514279	-0.0503705	-0.0471597	-0.0420682	-0.0353779	-0.0273588	-0.0182579	-0.00829497	0.00233812	0.0134757	0.0249754	0.0367153	0.0485903	0.0605093	0.0723924	0.0841688	0.0957742	0.10715	0.118239	0.128991	0.139351	0.14927	0.158694	0.167572	0.175849	0.183468	0.190369	0.196492	0.201769	0.206131	0.209505	0.211811	0.212965	0.212878	0.211453	0.20859	0.204179	0.198108	0.190256	0.180503	0.16873	0.154827	0.138707	0.12033	0.0997346	0.0770927	0.0527797	0.0274654	0.00221123	-0.0214551	-0.0415421	-0.0557546	-0.0619091	-0.0586355	-0.0462692	-0.0282624	-0.0123347	
-0.00404039	-0.00980046	-0.0179455	-0.0264967	-0.0342415	-0.040494	-0.0448642	-0.0472047	-0.0475383	-0.0459927	-0.0427526	-0.0380277	-0.0320314	-0.0249682	-0.0170269	-0.0083776	0.000828412	0.0104579	0.020394	0.0305336	0.0407859	0.0510697	0.0613118	0.0714454	0.0814081	0.0911415	0.100589	0.109696	0.118408	0.126671	0.13443	0.141628	0.148208	0.154109	0.159269	0.163623	0.1671	0.16963	0.171135	0.171534	0.170744	0.168673	0.165229	0.160314	0.153827	0.145669	0.135741	0.123959	0.110255	0.0946029	0.0770376	0.0576967	0.0368697	0.015064	-0.00692367	-0.0279447	-0.0464782	-0.0607015	-0.0687122	-0.0689644	-0.0608922	-0.0455755	-0.0267344	-0.0113875	
-0.00322825	-0.00793058	-0.0147703	-0.0221997	-0.0292173	-0.0352081	-0.0397812	-0.0427427	-0.0440471	-0.0437481	-0.0419608	-0.038834	-0.0345304	-0.0292139	-0.0230421	-0.0161614	-0.00870595	-0.000796711	0.00745752	0.0159591	0.02462	0.0333606	0.0421078	0.050794	0.0593561	0.0677338	0.0758692	0.0837059	0.0911881	0.09826	0.104865	0.110948	0.116448	0.121306	0.125461	0.128847	0.131398	0.133044	0.133712	0.133326	0.131808	0.129074	0.125043	0.11963	0.11275	0.104326	0.0942893	0.0825893	0.0692086	0.0541804	0.0376169	0.0197468	0.00096194	-0.0181285	-0.0366481	-0.053426	-0.0670218	-0.0758449	-0.0784081	-0.0737458	-0.0619336	-0.0445439	-0.0253269	-0.0105845	
-0.00260389	-0.00646806	-0.0122265	-0.0186666	-0.0249693	-0.0305985	-0.0351845	-0.0385143	-0.0404998	-0.0411426	-0.0405046	-0.0386848	-0.0358024	-0.0319851	-0.0273605	-0.0220518	-0.016175	-0.00983737	-0.00313775	0.00383338	0.010993	0.0182646	0.0255771	0.032864	0.0400623	0.0471118	0.0539542	0.0605326	0.0667907	0.0726724	0.0781214	0.0830808	0.0874927	0.0912979	0.0944357	0.0968438	0.098458	0.0992121	0.099038	0.0978659	0.0956245	0.0922419	0.0876465	0.0817691	0.0745458	0.0659226	0.0558624	0.044355	0.0314323	0.0171886	0.00180845	-0.0143987	-0.0309583	-0.0471914	-0.0621869	-0.0748055	-0.0837412	-0.0876702	-0.0855119	-0.076804	-0.0621123	-0.0433075	-0.0240247	-0.00988886	
-0.00212501	-0.00533096	-0.0102115	-0.0158125	-0.021467	-0.0267153	-0.0312196	-0.0347648	-0.0372387	-0.0386074	-0.0388929	-0.038155	-0.0364766	-0.0339537	-0.0306872	-0.0267781	-0.0223247	-0.0174204	-0.0121529	-0.00660475	-0.0008527	0.00503115	0.0109789	0.0169263	0.0228118	0.0285762	0.0341619	0.0395123	0.0445716	0.0492842	0.0535945	0.0574464	0.0607832	0.0635475	0.0656807	0.0671233	0.0678149	0.0676938	0.0666977	0.0647641	0.0618307	0.0578367	0.0527243	0.0464419	0.038947	0.0302127	0.0202353	0.00904586	-0.00327403	-0.0165717	-0.0305975	-0.0449745	-0.0591679	-0.0724602	-0.0839457	-0.0925598	-0.0971666	-0.0967215	-0.0905213	-0.0785244	-0.0616541	-0.0419352	-0.022805	-0.00927103	
-0.0017593	-0.00445323	-0.00863355	-0.013544	-0.0186415	-0.0235358	-0.0279248	-0.0316006	-0.0344397	-0.0363847	-0.0374288	-0.0376011	-0.0369555	-0.0355607	-0.0334942	-0.0308371	-0.0276707	-0.0240749	-0.0201265	-0.0158993	-0.0114633	-0.00688532	-0.00222928	0.00244358	0.00707413	0.0116049	0.0159799	0.0201437	0.0240418	0.0276197	0.0308232	0.0335978	0.0358888	0.037641	0.038799	0.0393069	0.0391085	0.0381479	0.0363696	0.0337193	0.0301449	0.0255983	0.0200372	0.0134288	0.00575423	-0.00298504	-0.0127582	-0.0234929	-0.0350599	-0.0472533	-0.0597678	-0.0721749	-0.083902	-0.0942232	-0.102272	-0.10709	-0.107732	-0.103428	-0.093813	-0.079183	-0.0607084	-0.0404641	-0.0216464	-0.0087094	
-0.00148204	-0.00378216	-0.0074136	-0.0117708	-0.0164102	-0.0210018	-0.0252783	-0.0290448	-0.0321739	-0.0345939	-0.0362775	-0.0372306	-0.0374835	-0.0370827	-0.0360853	-0.0345546	-0.0325568	-0.0301588	-0.027427	-0.0244262	-0.0212195	-0.0178681	-0.0144314	-0.0109668	-0.00753053	-0.00417753	-0.000961775	0.00206346	0.00484539	0.00733154	0.00946963	0.0112075	0.0124929	0.013274	0.0134988	0.0131158	0.0120744	0.0103248	0.00781924	0.00451292	0.000365135	-0.00465851	-0.0105834	-0.0174221	-0.025169	-0.0337933	-0.0432299	-0.0533669	-0.064031	-0.0749701	-0.085835	-0.0961623	-0.105364	-0.112732	-0.117466	-0.118737	-0.115797	-0.108136	-0.0956787	-0.0789839	-0.0593791	-0.0389161	-0.0205325	-0.0081888	
-0.00127413	-0.00327571	-0.00648525	-0.0104113	-0.014689	-0.0190394	-0.0232272	-0.0270724	-0.0304489	-0.0332768	-0.0355145	-0.0371506	-0.0381968	-0.0386815	-0.0386446	-0.0381339	-0.0372019	-0.0359038	-0.0342959	-0.0324347	-0.0303762	-0.0281758	-0.0258878	-0.0235658	-0.0212624	-0.0190295	-0.0169183	-0.0149797	-0.0132639	-0.0118209	-0.0107004	-0.0099515	-0.0096232	-0.00976375	-0.0104206	-0.0116402	-0.0134671	-0.0159437	-0.0191093	-0.0229982	-0.0276388	-0.0330507	-0.0392413	-0.0462023	-0.0539029	-0.0622836	-0.0712458	-0.0806412	-0.0902579	-0.0998067	-0.108907	-0.117077	-0.123735	-0.128213	-0.129797	-0.1278	-0.121669	-0.11113	-0.0963503	-0.0780836	-0.0577427	-0.0373067	-0.0194517	-0.00769892	
-0.00112077	-0.00290038	-0.00579334	-0.0093939	-0.0133989	-0.0175714	-0.0217045	-0.0256332	-0.0292354	-0.0324273	-0.0351577	-0.0374025	-0.0391589	-0.0404406	-0.0412732	-0.0416913	-0.0417354	-0.0414501	-0.0408824	-0.0400809	-0.0390946	-0.0379731	-0.0367657	-0.0355216	-0.0342895	-0.033118	-0.032055	-0.0311482	-0.0304451	-0.0299924	-0.0298366	-0.0300234	-0.0305978	-0.0316036	-0.0330832	-0.0350771	-0.0376232	-0.0407559	-0.0445046	-0.0488929	-0.0539357	-0.0596369	-0.0659858	-0.0729524	-0.0804815	-0.0884854	-0.0968352	-0.10535	-0.113787	-0.121828	-0.129076	-0.135047	-0.139182	-0.140873	-0.139507	-0.134541	-0.125611	-0.11265	-0.096018	-0.0766069	-0.0558594	-0.0356492	-0.0183973	-0.00723305	
-0.00101037	-0.00262941	-0.00529232	-0.00865705	-0.0124682	-0.0165229	-0.0206386	-0.0246644	-0.0284836	-0.0320111	-0.0351895	-0.0379855	-0.0403853	-0.0423907	-0.0440157	-0.0452835	-0.0462245	-0.0468735	-0.0472694	-0.0474532	-0.0474675	-0.0473559	-0.0471629	-0.0469329	-0.0467107	-0.0465409	-0.0464679	-0.0465361	-0.0467893	-0.0472706	-0.0480227	-0.0490872	-0.0505045	-0.0523135	-0.0545509	-0.0572504	-0.0604425	-0.0641527	-0.0684004	-0.073197	-0.0785438	-0.0844285	-0.090822	-0.0976731	-0.104903	-0.112398	-0.120003	-0.127509	-0.134649	-0.14109	-0.146427	-0.150192	-0.151865	-0.15091	-0.146821	-0.139203	-0.12786	-0.112902	-0.0948418	-0.0746573	-0.0537793	-0.0339563	-0.0173656	-0.00678697	
-0.000933793	-0.00244129	-0.00494463	-0.00814839	-0.0118336	-0.0158249	-0.0199596	-0.0240996	-0.0281342	-0.0319784	-0.0355714	-0.0388729	-0.041861	-0.0445281	-0.0468786	-0.0489265	-0.0506929	-0.0522048	-0.0534932	-0.0545924	-0.0555388	-0.0563705	-0.0571268	-0.0578476	-0.0585734	-0.0593448	-0.0602023	-0.0611861	-0.0623363	-0.0636919	-0.0652913	-0.0671714	-0.0693675	-0.0719127	-0.0748374	-0.0781683	-0.0819274	-0.0861308	-0.0907873	-0.0958958	-0.101443	-0.107402	-0.113723	-0.120337	-0.127142	-0.134002	-0.140738	-0.147123	-0.152872	-0.157647	-0.161049	-0.162638	-0.161945	-0.158515	-0.151954	-0.142005	-0.128625	-0.112069	-0.0929601	-0.0723231	-0.0515458	-0.0322405	-0.0163557	-0.00635823	
-0.000883793	-0.00231872	-0.00471935	-0.00782365	-0.0114401	-0.0154148	-0.0196016	-0.0238733	-0.0281247	-0.0322725	-0.0362534	-0.0400229	-0.0435524	-0.0468272	-0.049844	-0.052609	-0.0551358	-0.0574441	-0.0595582	-0.061506	-0.0633184	-0.0650281	-0.0666695	-0.0682778	-0.0698891	-0.0715396	-0.0732658	-0.0751036	-0.0770887	-0.0792557	-0.081638	-0.0842675	-0.0871738	-0.0903838	-0.0939209	-0.097804	-0.102046	-0.106654	-0.111625	-0.116946	-0.122588	-0.128509	-0.134643	-0.1409	-0.147161	-0.153269	-0.159029	-0.164199	-0.168488	-0.17156	-0.173037	-0.172514	-0.169585	-0.163879	-0.155114	-0.143159	-0.128102	-0.110314	-0.0904947	-0.0696817	-0.0491976	-0.0305146	-0.0153684	-0.00594556	
-0.000854561	-0.00224764	-0.0045909	-0.00764546	-0.0112401	-0.0152373	-0.0195044	-0.0239231	-0.0283936	-0.0328342	-0.0371807	-0.0413854	-0.0454152	-0.0492495	-0.052879	-0.0563033	-0.0595297	-0.0625716	-0.0654475	-0.0681796	-0.0707934	-0.0733166	-0.0757788	-0.0782106	-0.0806436	-0.0831096	-0.0856406	-0.0882681	-0.091023	-0.093935	-0.0970324	-0.100341	-0.103885	-0.107684	-0.111755	-0.116107	-0.120745	-0.125666	-0.130854	-0.136285	-0.141916	-0.147689	-0.153523	-0.159312	-0.164919	-0.170174	-0.174868	-0.178753	-0.18154	-0.182906	-0.1825	-0.179962	-0.174955	-0.167194	-0.156502	-0.142861	-0.126469	-0.107785	-0.0875544	-0.0668016	-0.0467696	-0.0287911	-0.0144055	-0.00554845	
-0.000841406	-0.00221658	-0.00453809	-0.00758231	-0.0111925	-0.0152438	-0.0196138	-0.0241917	-0.0288822	-0.0336056	-0.0382974	-0.0429077	-0.0474	-0.0517494	-0.0559416	-0.059971	-0.0638394	-0.067555	-0.071131	-0.0745844	-0.0779359	-0.0812084	-0.0844268	-0.0876173	-0.0908068	-0.0940227	-0.0972923	-0.100642	-0.104099	-0.107686	-0.111427	-0.115342	-0.119447	-0.123757	-0.128278	-0.133014	-0.137958	-0.143097	-0.148406	-0.153845	-0.159361	-0.164881	-0.17031	-0.175528	-0.180386	-0.184702	-0.188262	-0.190818	-0.192091	-0.191777	-0.189561	-0.185136	-0.178233	-0.168653	-0.156315	-0.1413	-0.123893	-0.104617	-0.0842368	-0.0637443	-0.0442935	-0.027082	-0.0134695	-0.00516688	
-0.000840508	-0.0022161	-0.00454328	-0.00760759	-0.0112623	-0.0153918	-0.0198816	-0.0246269	-0.0295363	-0.0345318	-0.039549	-0.0445368	-0.0494561	-0.0542786	-0.0589862	-0.0635689	-0.0680241	-0.0723553	-0.0765709	-0.0806837	-0.0847096	-0.0886671	-0.0925766	-0.0964597	-0.100339	-0.104237	-0.108177	-0.11218	-0.116267	-0.120457	-0.124767	-0.129211	-0.133799	-0.138536	-0.143424	-0.148454	-0.153614	-0.158878	-0.164209	-0.169559	-0.174861	-0.18003	-0.184959	-0.189516	-0.193544	-0.196857	-0.199239	-0.200449	-0.200224	-0.198286	-0.194363	-0.188203	-0.179604	-0.168451	-0.154747	-0.138656	-0.120531	-0.100934	-0.0806301	-0.0605647	-0.041798	-0.0253986	-0.0125631	-0.00480107	
-0.000848732	-0.00223841	-0.00459173	-0.00769878	-0.0114193	-0.0156445	-0.0202655	-0.0251822	-0.0303064	-0.0355617	-0.0408842	-0.0462218	-0.0515336	-0.0567889	-0.0619662	-0.0670522	-0.0720403	-0.0769303	-0.0817263	-0.0864371	-0.0910743	-0.0956521	-0.100187	-0.104696	-0.109196	-0.113708	-0.118247	-0.12283	-0.127474	-0.132192	-0.136994	-0.141888	-0.146876	-0.151958	-0.157126	-0.162363	-0.167647	-0.172943	-0.178205	-0.183371	-0.188366	-0.193094	-0.197439	-0.201262	-0.2044	-0.206666	-0.207851	-0.207724	-0.206044	-0.202568	-0.197065	-0.18934	-0.179261	-0.166783	-0.151986	-0.1351	-0.116526	-0.0968474	-0.0768133	-0.0573118	-0.0393086	-0.0237512	-0.0116889	-0.0044514	
-0.000863481	-0.00227701	-0.00467106	-0.00783681	-0.0116378	-0.0159697	-0.020728	-0.025816	-0.031148	-0.036649	-0.0422556	-0.0479151	-0.0535853	-0.0592337	-0.0648362	-0.0703765	-0.0758451	-0.0812379	-0.0865558	-0.0918035	-0.096989	-0.102122	-0.107216	-0.112282	-0.117335	-0.122388	-0.127455	-0.132545	-0.137671	-0.142839	-0.148054	-0.153316	-0.158623	-0.163965	-0.169326	-0.174682	-0.180002	-0.185241	-0.190343	-0.19524	-0.199845	-0.204055	-0.207747	-0.210779	-0.212985	-0.214185	-0.214176	-0.212747	-0.209683	-0.204775	-0.19784	-0.188738	-0.177399	-0.163844	-0.148214	-0.130792	-0.112012	-0.0924597	-0.0728571	-0.0540289	-0.0368477	-0.0221489	-0.0108493	-0.0041182	
-0.000882598	-0.00232649	-0.00477086	-0.00800551	-0.0118956	-0.01634	-0.0212368	-0.026492	-0.0320216	-0.037752	-0.0436202	-0.0495732	-0.0555679	-0.0615701	-0.0675538	-0.0735004	-0.0793975	-0.0852382	-0.09102	-0.0967442	-0.102415	-0.108039	-0.113625	-0.11918	-0.124715	-0.130239	-0.135758	-0.141281	-0.146811	-0.152351	-0.157899	-0.163449	-0.168991	-0.174509	-0.179978	-0.185369	-0.190638	-0.195736	-0.200598	-0.205147	-0.20929	-0.212917	-0.215903	-0.218104	-0.219359	-0.219493	-0.218319	-0.215647	-0.21129	-0.205078	-0.196874	-0.186591	-0.174213	-0.159821	-0.143604	-0.125884	-0.10711	-0.0878623	-0.068824	-0.0507539	-0.0344349	-0.0205997	-0.0100465	-0.00380181	
-0.00090428	-0.00238228	-0.00488236	-0.00819116	-0.0121741	-0.0167317	-0.0217638	-0.0271783	-0.0328926	-0.038834	-0.0449398	-0.0511571	-0.0574419	-0.0637589	-0.0700805	-0.076386	-0.0826606	-0.0888947	-0.0950831	-0.101224	-0.107318	-0.113368	-0.119379	-0.125355	-0.131302	-0.137223	-0.143122	-0.149001	-0.154859	-0.160693	-0.166494	-0.172251	-0.177947	-0.183558	-0.189054	-0.194396	-0.199537	-0.204416	-0.208964	-0.213097	-0.216717	-0.219713	-0.221957	-0.223307	-0.22361	-0.222701	-0.220412	-0.216576	-0.211037	-0.203664	-0.194363	-0.183096	-0.169899	-0.154897	-0.13832	-0.120513	-0.101932	-0.0831367	-0.0647687	-0.0475193	-0.0320866	-0.0191099	-0.00928204	-0.00350242	
-0.000927017	-0.00244059	-0.00499817	-0.00838219	-0.0124572	-0.0171245	-0.022285	-0.0278476	-0.0337308	-0.0398628	-0.0461811	-0.0526326	-0.0591729	-0.0657658	-0.0723822	-0.0789997	-0.0856016	-0.0921757	-0.0987143	-0.105212	-0.111668	-0.118081	-0.12445	-0.130779	-0.137067	-0.143314	-0.14952	-0.15568	-0.16179	-0.16784	-0.173816	-0.179701	-0.185471	-0.191097	-0.196542	-0.201761	-0.206698	-0.21129	-0.21546	-0.219122	-0.222173	-0.224502	-0.225984	-0.226482	-0.225851	-0.223942	-0.220607	-0.215703	-0.209107	-0.200725	-0.190505	-0.178452	-0.164645	-0.149246	-0.132514	-0.114806	-0.096575	-0.0783544	-0.0607384	-0.0443529	-0.0298166	-0.017685	-0.00855716	-0.00322012	
-0.000949551	-0.0024982	-0.0051121	-0.00856884	-0.0127315	-0.0175012	-0.0227798	-0.0284765	-0.0345106	-0.0408108	-0.0473151	-0.0539701	-0.0607311	-0.0675611	-0.0744298	-0.0813133	-0.088193	-0.0950548	-0.101888	-0.108686	-0.115442	-0.122154	-0.128818	-0.135432	-0.141992	-0.148495	-0.154935	-0.161304	-0.167591	-0.173781	-0.179856	-0.185794	-0.191564	-0.197131	-0.202452	-0.207478	-0.212147	-0.216392	-0.220132	-0.223278	-0.225728	-0.227372	-0.228088	-0.227749	-0.226221	-0.223372	-0.219074	-0.213212	-0.205694	-0.196461	-0.185499	-0.172851	-0.158631	-0.14303	-0.126325	-0.108878	-0.0911272	-0.0735772	-0.056773	-0.0412774	-0.0276358	-0.0163286	-0.00787256	-0.00295487	
-0.000970833	-0.00255248	-0.005219	-0.00874297	-0.0129855	-0.0178476	-0.0232309	-0.0290452	-0.0352102	-0.0416549	-0.0483176	-0.0551449	-0.0620917	-0.0691202	-0.0761993	-0.0833037	-0.0904129	-0.097511	-0.104585	-0.111626	-0.118624	-0.125574	-0.132469	-0.139303	-0.146069	-0.152759	-0.159364	-0.165869	-0.172262	-0.178521	-0.184624	-0.190542	-0.196241	-0.201681	-0.206815	-0.211586	-0.215932	-0.21978	-0.223049	-0.225649	-0.227479	-0.228433	-0.228397	-0.227251	-0.224878	-0.221162	-0.215997	-0.209296	-0.200997	-0.191072	-0.179541	-0.166479	-0.152028	-0.136399	-0.11988	-0.102828	-0.085664	-0.0688576	-0.0529059	-0.0383112	-0.0255527	-0.0150436	-0.00722852	-0.00270651	
-0.000990002	-0.00260123	-0.0053146	-0.00889786	-0.0132102	-0.0181518	-0.0236242	-0.0295375	-0.0358117	-0.042376	-0.0491688	-0.0561368	-0.0632345	-0.0704236	-0.0776719	-0.0849529	-0.0922448	-0.0995295	-0.106792	-0.114021	-0.121205	-0.128333	-0.135398	-0.14239	-0.149297	-0.156109	-0.162811	-0.169387	-0.175817	-0.182078	-0.188141	-0.193975	-0.19954	-0.204792	-0.209679	-0.214144	-0.218121	-0.221534	-0.224303	-0.226339	-0.227545	-0.227819	-0.227056	-0.225149	-0.221994	-0.217496	-0.21157	-0.204154	-0.195215	-0.184753	-0.172818	-0.15951	-0.144992	-0.129489	-0.11329	-0.0967444	-0.0802498	-0.0642397	-0.0491638	-0.0354688	-0.0235732	-0.0138316	-0.00662491	-0.00247473	
-0.00100636	-0.00264267	-0.00539545	-0.00902807	-0.0133977	-0.018404	-0.0239482	-0.0299403	-0.0363006	-0.0429586	-0.0498528	-0.0569299	-0.064144	-0.0714562	-0.0788336	-0.0862485	-0.0936776	-0.101101	-0.108503	-0.115867	-0.123181	-0.130433	-0.13761	-0.144699	-0.151687	-0.158558	-0.165296	-0.171879	-0.178284	-0.184484	-0.190446	-0.196136	-0.20151	-0.206521	-0.211115	-0.215231	-0.218802	-0.221754	-0.224006	-0.225472	-0.226061	-0.225678	-0.224227	-0.221614	-0.217753	-0.212564	-0.205987	-0.197982	-0.188541	-0.177692	-0.165506	-0.152105	-0.137665	-0.12242	-0.106654	-0.0907026	-0.0749387	-0.0597591	-0.0455681	-0.0327607	-0.0217015	-0.0126931	-0.00606122	-0.00225912	
-0.00101935	-0.00267541	-0.00545882	-0.00912927	-0.0135422	-0.0185967	-0.0241937	-0.0302432	-0.0366658	-0.0433911	-0.0503578	-0.0575124	-0.0648089	-0.0722078	-0.0796754	-0.087183	-0.0947058	-0.102223	-0.109715	-0.117165	-0.124559	-0.13188	-0.139114	-0.146245	-0.153257	-0.160131	-0.166846	-0.173378	-0.179701	-0.185784	-0.191592	-0.197085	-0.20222	-0.206945	-0.211206	-0.214941	-0.218081	-0.220555	-0.222284	-0.223187	-0.223178	-0.222171	-0.220081	-0.216828	-0.21234	-0.206558	-0.199441	-0.190972	-0.181163	-0.170065	-0.157769	-0.14441	-0.130175	-0.115297	-0.100055	-0.0847655	-0.0697749	-0.055444	-0.0421345	-0.0301944	-0.0199396	-0.0116279	-0.0055366	-0.0020592	
-0.00102855	-0.00269836	-0.00550261	-0.00919815	-0.0136391	-0.0187241	-0.0243539	-0.0304386	-0.036899	-0.0436649	-0.0506752	-0.0578763	-0.0652219	-0.0726722	-0.0801926	-0.0877534	-0.0953286	-0.102895	-0.110433	-0.117923	-0.125347	-0.132689	-0.13993	-0.147052	-0.154035	-0.160859	-0.167498	-0.173928	-0.180118	-0.186035	-0.191641	-0.196894	-0.201749	-0.206154	-0.210051	-0.213381	-0.216076	-0.218067	-0.219278	-0.219633	-0.219055	-0.217467	-0.214795	-0.210972	-0.205944	-0.199667	-0.19212	-0.183305	-0.173255	-0.162036	-0.149754	-0.136556	-0.122632	-0.108211	-0.0935632	-0.0789844	-0.0647931	-0.0513158	-0.0388743	-0.027774	-0.0182881	-0.0106348	-0.00504992	-0.00187437	
-0.00103365	-0.00271073	-0.00552528	-0.00923229	-0.0136851	-0.0187821	-0.0244239	-0.0305211	-0.0369945	-0.0437745	-0.0507998	-0.058017	-0.0653797	-0.0728473	-0.0803848	-0.0879614	-0.0955498	-0.103126	-0.110667	-0.118153	-0.125564	-0.13288	-0.140082	-0.147147	-0.154055	-0.160782	-0.1673	-0.173581	-0.179594	-0.185302	-0.190667	-0.195645	-0.200188	-0.204245	-0.207759	-0.21067	-0.212915	-0.214426	-0.215133	-0.214966	-0.213857	-0.211737	-0.208545	-0.204228	-0.198745	-0.192071	-0.1842	-0.175152	-0.164975	-0.15375	-0.141592	-0.128656	-0.11513	-0.101239	-0.0872367	-0.0734003	-0.0600201	-0.0473898	-0.0357946	-0.0255015	-0.016746	-0.00971216	-0.00459984	-0.00170398	
-0.00103444	-0.00271199	-0.00552579	-0.00923009	-0.013678	-0.0187678	-0.0244006	-0.0304873	-0.0369492	-0.0437168	-0.0507293	-0.0579331	-0.0652818	-0.0727344	-0.0802551	-0.0878122	-0.0953774	-0.102925	-0.110431	-0.117874	-0.125231	-0.13248	-0.1396	-0.146568	-0.153358	-0.159946	-0.166303	-0.172397	-0.178195	-0.18366	-0.188752	-0.193426	-0.197634	-0.201325	-0.204444	-0.206933	-0.208731	-0.209774	-0.21	-0.209344	-0.207747	-0.20515	-0.201504	-0.196769	-0.190918	-0.183941	-0.175846	-0.166668	-0.156469	-0.145338	-0.133399	-0.120807	-0.107749	-0.0944413	-0.0811211	-0.0680444	-0.055475	-0.0436758	-0.0328988	-0.0233764	-0.0153112	-0.0088577	-0.00418479	-0.00154734	
-0.0010308	-0.00270184	-0.00550356	-0.00919062	-0.0136165	-0.0186799	-0.0242826	-0.0303359	-0.0367618	-0.0434913	-0.0504637	-0.0576259	-0.064931	-0.0723378	-0.0798098	-0.0873147	-0.0948228	-0.102307	-0.109743	-0.117106	-0.124372	-0.131518	-0.13852	-0.145353	-0.15199	-0.158404	-0.164565	-0.17044	-0.175993	-0.181188	-0.185982	-0.190332	-0.19419	-0.197506	-0.200227	-0.202297	-0.203659	-0.204256	-0.204029	-0.202923	-0.200885	-0.19787	-0.193837	-0.188761	-0.182625	-0.175433	-0.167207	-0.157993	-0.147862	-0.136912	-0.12527	-0.113091	-0.100555	-0.0878677	-0.075251	-0.0629391	-0.0511704	-0.0401791	-0.0301871	-0.0213965	-0.0139805	-0.00806868	-0.00380308	-0.00140369	
-0.00102268	-0.00268017	-0.00545837	-0.00911357	-0.0135003	-0.018518	-0.0240695	-0.0300669	-0.0364329	-0.0430993	-0.0500056	-0.0570989	-0.0643323	-0.0716644	-0.0790581	-0.0864802	-0.0939003	-0.10129	-0.108623	-0.115874	-0.123017	-0.130027	-0.136879	-0.143546	-0.149999	-0.15621	-0.162147	-0.167777	-0.173063	-0.177967	-0.182447	-0.186461	-0.189962	-0.192901	-0.195227	-0.196889	-0.197834	-0.19801	-0.197365	-0.195851	-0.193426	-0.190051	-0.185699	-0.180354	-0.174012	-0.166688	-0.158415	-0.149248	-0.139265	-0.128569	-0.117287	-0.105572	-0.0935975	-0.0815553	-0.0696514	-0.0580991	-0.0471129	-0.0369008	-0.0276574	-0.0195577	-0.01275	-0.00734201	-0.00345286	-0.00127225	
-0.00101012	-0.00264704	-0.00539035	-0.00899916	-0.0133297	-0.0182828	-0.0237624	-0.0296819	-0.0359649	-0.0425438	-0.0493591	-0.0563578	-0.0634931	-0.0707234	-0.0780113	-0.0853227	-0.0926264	-0.0998931	-0.107095	-0.114205	-0.121197	-0.128044	-0.134718	-0.141192	-0.147437	-0.153421	-0.159113	-0.164478	-0.16948	-0.17408	-0.178237	-0.18191	-0.185052	-0.187619	-0.189562	-0.190833	-0.191385	-0.191171	-0.190147	-0.188271	-0.18551	-0.181836	-0.17723	-0.171686	-0.165212	-0.157831	-0.149586	-0.140537	-0.130769	-0.120386	-0.109515	-0.098303	-0.0869152	-0.0755306	-0.0643385	-0.0535324	-0.0433044	-0.0338384	-0.0253048	-0.017855	-0.0116151	-0.00667429	-0.00313222	-0.00115224	
-0.000993185	-0.00260264	-0.00529988	-0.00884803	-0.0131058	-0.0179756	-0.0233632	-0.0291834	-0.035361	-0.0418295	-0.0485298	-0.0554096	-0.0624221	-0.0695257	-0.0766824	-0.0838577	-0.0910196	-0.0981378	-0.105183	-0.112128	-0.118944	-0.125604	-0.132079	-0.138339	-0.144355	-0.150095	-0.155526	-0.160613	-0.16532	-0.169609	-0.173441	-0.176773	-0.179563	-0.181769	-0.183345	-0.184248	-0.184435	-0.183866	-0.182503	-0.180314	-0.17727	-0.173354	-0.168557	-0.16288	-0.15634	-0.148969	-0.140816	-0.131947	-0.122448	-0.112426	-0.102003	-0.0913212	-0.0805349	-0.0698105	-0.059321	-0.0492411	-0.0397421	-0.0309867	-0.0231231	-0.016282	-0.0105705	-0.0060619	-0.00283917	-0.00104284	
-0.000972008	-0.0025473	-0.00518756	-0.00866116	-0.0128299	-0.0175985	-0.0228746	-0.028575	-0.0346258	-0.0409618	-0.0475248	-0.0542628	-0.0611296	-0.0680833	-0.0750858	-0.0821021	-0.0890994	-0.0960467	-0.102914	-0.109672	-0.116293	-0.122746	-0.129003	-0.135033	-0.140805	-0.146288	-0.151448	-0.15625	-0.160658	-0.164635	-0.168142	-0.171141	-0.173591	-0.175451	-0.176681	-0.177243	-0.177098	-0.176211	-0.174553	-0.172096	-0.168822	-0.16472	-0.159789	-0.154039	-0.147494	-0.140191	-0.132186	-0.123547	-0.114363	-0.104737	-0.0947892	-0.0846529	-0.0744733	-0.0644034	-0.0546006	-0.045222	-0.0364201	-0.0283377	-0.0211041	-0.0148315	-0.0096105	-0.00550101	-0.00257166	-0.000943213	
-0.000946745	-0.00248141	-0.00505419	-0.00843981	-0.0125039	-0.0171539	-0.0223	-0.0278608	-0.0337646	-0.0399473	-0.0463518	-0.0529269	-0.0596266	-0.0664093	-0.0732366	-0.0800733	-0.0868859	-0.0936428	-0.100313	-0.106867	-0.113275	-0.119506	-0.125531	-0.131319	-0.136838	-0.142055	-0.146938	-0.151452	-0.155562	-0.159231	-0.162422	-0.165099	-0.167224	-0.168759	-0.169669	-0.169918	-0.169475	-0.16831	-0.166398	-0.163722	-0.160267	-0.156032	-0.151021	-0.145252	-0.138754	-0.131571	-0.12376	-0.115393	-0.106557	-0.0973534	-0.0878972	-0.078314	-0.0687384	-0.0593108	-0.0501738	-0.0414681	-0.033329	-0.0258818	-0.0192386	-0.0134957	-0.00872918	-0.00498769	-0.00232759	-0.000852538	
-0.000917577	-0.00240543	-0.00490065	-0.00818544	-0.01213	-0.0166448	-0.0216429	-0.0270457	-0.0327832	-0.038793	-0.0450193	-0.0514117	-0.0579248	-0.0645172	-0.0711505	-0.0777892	-0.0843994	-0.090949	-0.0974066	-0.103741	-0.109923	-0.115921	-0.121704	-0.127241	-0.1325	-0.137448	-0.142053	-0.146281	-0.150097	-0.153466	-0.156354	-0.158725	-0.160544	-0.161778	-0.162395	-0.162364	-0.161658	-0.160253	-0.158132	-0.15528	-0.151692	-0.147372	-0.14233	-0.13659	-0.130186	-0.123165	-0.115586	-0.107523	-0.0990603	-0.0902968	-0.081341	-0.0723107	-0.0633303	-0.0545278	-0.0460319	-0.0379685	-0.0304571	-0.0236073	-0.0175163	-0.0122659	-0.00792022	-0.00451787	-0.00210487	-0.000769977	
-0.000884701	-0.00231986	-0.00472793	-0.00789963	-0.0117104	-0.0160742	-0.0209076	-0.0261346	-0.0316877	-0.0375063	-0.043536	-0.0497276	-0.0560362	-0.0624207	-0.0688431	-0.0752675	-0.08166	-0.0879879	-0.0942194	-0.100323	-0.106268	-0.112023	-0.117557	-0.122839	-0.127835	-0.132515	-0.136845	-0.140792	-0.144323	-0.147405	-0.150003	-0.152087	-0.153623	-0.154582	-0.154935	-0.154657	-0.153724	-0.152119	-0.149829	-0.146845	-0.143169	-0.138808	-0.133779	-0.128111	-0.121839	-0.115015	-0.107699	-0.0999639	-0.0918923	-0.0835786	-0.0751251	-0.0666417	-0.0582426	-0.0500443	-0.0421626	-0.0347097	-0.0277908	-0.0215017	-0.015926	-0.0111335	-0.00717715	-0.00408743	-0.00190136	-0.000694692	
-0.000848319	-0.00222521	-0.00453704	-0.00758404	-0.0112475	-0.0154455	-0.0200981	-0.0251328	-0.0304846	-0.0360949	-0.0419111	-0.047885	-0.0539726	-0.0601335	-0.0663297	-0.0725256	-0.0786869	-0.0847808	-0.0907752	-0.0966383	-0.102339	-0.107845	-0.113126	-0.11815	-0.122885	-0.127299	-0.131359	-0.135034	-0.138292	-0.1411	-0.143428	-0.145246	-0.146524	-0.147235	-0.147355	-0.146863	-0.145739	-0.143972	-0.141552	-0.138477	-0.134753	-0.130391	-0.125415	-0.119853	-0.113748	-0.10715	-0.100121	-0.0927305	-0.0850608	-0.0772005	-0.0692459	-0.0612986	-0.0534635	-0.045846	-0.0385502	-0.0316756	-0.0253148	-0.0195511	-0.0144562	-0.0100891	-0.00649335	-0.0036922	-0.00171492	-0.000625844	
-0.000808631	-0.002122	-0.00432899	-0.00724033	-0.0107437	-0.0147618	-0.0192189	-0.0240457	-0.0291803	-0.0345666	-0.0401535	-0.0458943	-0.0517461	-0.057669	-0.0636255	-0.0695801	-0.0754986	-0.0813481	-0.0870963	-0.0927112	-0.0981614	-0.103415	-0.108441	-0.113208	-0.117684	-0.121837	-0.125636	-0.12905	-0.132049	-0.134601	-0.136678	-0.138252	-0.139297	-0.139789	-0.139707	-0.139034	-0.137755	-0.135861	-0.133349	-0.130221	-0.126486	-0.12216	-0.117269	-0.111847	-0.105935	-0.0995858	-0.09286	-0.0858271	-0.0785645	-0.0711564	-0.063693	-0.0562679	-0.0489769	-0.0419154	-0.0351766	-0.0288487	-0.0230128	-0.0177412	-0.0130949	-0.00912346	-0.00586218	-0.003328	-0.00154342	-0.0005626	
-0.000765827	-0.00201072	-0.00410477	-0.00687012	-0.0102015	-0.0140266	-0.018274	-0.0228786	-0.0277814	-0.0329289	-0.038272	-0.0437656	-0.049368	-0.0550399	-0.0607445	-0.0664466	-0.0721122	-0.0777084	-0.0832029	-0.0885638	-0.0937595	-0.0987585	-0.10353	-0.108041	-0.112263	-0.116163	-0.11971	-0.122876	-0.12563	-0.127944	-0.129791	-0.131146	-0.131984	-0.132286	-0.132033	-0.131211	-0.12981	-0.127825	-0.125256	-0.122109	-0.118397	-0.114139	-0.109363	-0.104106	-0.0984098	-0.0923272	-0.0859178	-0.079249	-0.0723945	-0.0654338	-0.0584506	-0.0515313	-0.0447632	-0.0382324	-0.0320221	-0.0262103	-0.0208679	-0.0160571	-0.01183	-0.0082272	-0.00527697	-0.00299067	-0.00138475	-0.000504131	
-0.000720081	-0.00189183	-0.00386532	-0.00647499	-0.00962323	-0.013243	-0.0172679	-0.0216368	-0.0262943	-0.0311894	-0.0362755	-0.041509	-0.0468494	-0.0522586	-0.0577003	-0.0631398	-0.0685435	-0.0738787	-0.0791132	-0.0842153	-0.0891537	-0.093897	-0.0984142	-0.102674	-0.106647	-0.110302	-0.113609	-0.11654	-0.119066	-0.121161	-0.1228	-0.123959	-0.124617	-0.124756	-0.124362	-0.123423	-0.121933	-0.119889	-0.117296	-0.114161	-0.110502	-0.10634	-0.101706	-0.0966351	-0.0911728	-0.0853703	-0.0792859	-0.0729843	-0.0665357	-0.0600146	-0.0534988	-0.0470676	-0.0408005	-0.0347752	-0.0290657	-0.0237409	-0.0188626	-0.0144842	-0.0106492	-0.00739101	-0.00473116	-0.00267613	-0.00123682	-0.000449623	
-0.000671548	-0.00176574	-0.0036115	-0.00605644	-0.00901111	-0.0124142	-0.0162045	-0.0203255	-0.0247251	-0.0293556	-0.0341724	-0.0391339	-0.044201	-0.0493367	-0.0545055	-0.0596732	-0.0648069	-0.0698741	-0.0748432	-0.0796826	-0.0843614	-0.0888486	-0.0931138	-0.0971266	-0.100857	-0.104276	-0.107354	-0.110064	-0.112379	-0.114274	-0.115725	-0.116712	-0.117215	-0.11722	-0.116713	-0.115687	-0.114138	-0.112066	-0.109478	-0.106386	-0.102807	-0.0987661	-0.0942944	-0.0894295	-0.0842155	-0.0787032	-0.0729491	-0.0670152	-0.0609678	-0.0548768	-0.0488142	-0.042853	-0.0370652	-0.0315209	-0.0262861	-0.0214212	-0.0169799	-0.0130077	-0.00954088	-0.00660587	-0.00421838	-0.00238038	-0.00109759	-0.000398278	
-0.000620357	-0.00163282	-0.00334412	-0.00561588	-0.00836736	-0.0115433	-0.0150882	-0.0189498	-0.0230803	-0.0274347	-0.0319711	-0.0366497	-0.041433	-0.0462851	-0.0511716	-0.0560591	-0.0609152	-0.065708	-0.0704065	-0.0749796	-0.0793968	-0.083628	-0.087643	-0.0914124	-0.094907	-0.0980982	-0.100958	-0.103461	-0.105581	-0.107294	-0.108579	-0.109417	-0.10979	-0.109686	-0.109095	-0.10801	-0.10643	-0.104358	-0.101804	-0.0987795	-0.0953058	-0.0914083	-0.0871188	-0.0824753	-0.0775216	-0.0723071	-0.0668865	-0.0613188	-0.0556667	-0.0499954	-0.0443717	-0.0388624	-0.0335331	-0.0284467	-0.0236619	-0.0192319	-0.0152031	-0.0116138	-0.00849369	-0.0058632	-0.00373259	-0.00209966	-0.000965134	-0.000349333	
-0.000566617	-0.00149338	-0.00306394	-0.00515472	-0.00769421	-0.0106336	-0.013923	-0.0175152	-0.0213662	-0.0254343	-0.0296799	-0.0340656	-0.0385553	-0.0431145	-0.0477097	-0.0523087	-0.0568798	-0.0613919	-0.0658145	-0.0701175	-0.074271	-0.0782456	-0.082012	-0.0855416	-0.0888061	-0.091778	-0.0944309	-0.0967392	-0.098679	-0.100228	-0.101367	-0.102077	-0.102344	-0.102156	-0.101505	-0.100387	-0.0988037	-0.0967588	-0.0942628	-0.0913312	-0.0879849	-0.0842506	-0.0801604	-0.0757521	-0.0710687	-0.0661582	-0.061073	-0.0558692	-0.0506059	-0.0453439	-0.0401451	-0.0350706	-0.0301801	-0.0255302	-0.021173	-0.0171552	-0.0135166	-0.0102894	-0.00749727	-0.0051551	-0.00326822	-0.00183046	-0.000837641	-0.000302072	
-0.000510419	-0.00134773	-0.0027717	-0.00467438	-0.00699397	-0.00968828	-0.0127135	-0.0160272	-0.0195895	-0.0233619	-0.0273075	-0.0313908	-0.0355776	-0.0398348	-0.0441301	-0.0484323	-0.0527107	-0.0569353	-0.0610764	-0.0651049	-0.0689917	-0.0727084	-0.0762268	-0.0795191	-0.0825582	-0.0853178	-0.0877724	-0.0898979	-0.0916716	-0.0930727	-0.0940825	-0.094685	-0.0948668	-0.094618	-0.0939322	-0.0928069	-0.0912441	-0.0892503	-0.0868369	-0.0840202	-0.0808221	-0.0772693	-0.073394	-0.0692334	-0.0648293	-0.0602281	-0.0554799	-0.0506377	-0.0457571	-0.0408948	-0.036108	-0.0314527	-0.0269833	-0.0227505	-0.0188007	-0.0151747	-0.0119067	-0.00902313	-0.00654252	-0.0044747	-0.00282043	-0.00156973	-0.000713512	-0.000255857	
-0.000451847	-0.00119616	-0.00246822	-0.00417651	-0.00626932	-0.00871131	-0.0114647	-0.0144922	-0.0177577	-0.021226	-0.0248629	-0.0286351	-0.0325099	-0.036456	-0.0404424	-0.0444391	-0.0484167	-0.0523463	-0.0561993	-0.0599477	-0.0635636	-0.0670198	-0.0702892	-0.0733452	-0.0761619	-0.0787142	-0.080978	-0.0829303	-0.0845498	-0.0858169	-0.0867144	-0.0872273	-0.0873439	-0.0870553	-0.0863565	-0.0852462	-0.0837274	-0.0818077	-0.079499	-0.0768185	-0.0737879	-0.0704341	-0.0667887	-0.0628879	-0.0587722	-0.0544859	-0.0500766	-0.0455946	-0.0410918	-0.0366211	-0.0322352	-0.0279857	-0.0239216	-0.0200889	-0.0165287	-0.0132766	-0.0103617	-0.00780567	-0.00562215	-0.00381655	-0.00238538	-0.00131504	-0.000591455	-0.000210162	
-0.000391011	-0.00103908	-0.00215457	-0.00366316	-0.00552356	-0.00770733	-0.0101827	-0.0129174	-0.0158791	-0.0190359	-0.0223561	-0.0258085	-0.0293625	-0.0329882	-0.0366562	-0.0403381	-0.0440056	-0.0476314	-0.0511882	-0.0546493	-0.0579884	-0.0611795	-0.0641969	-0.0670154	-0.0696105	-0.0719585	-0.0740365	-0.0758229	-0.0772977	-0.0784427	-0.0792416	-0.0796809	-0.0797498	-0.0794405	-0.078749	-0.0776749	-0.0762217	-0.0743976	-0.072215	-0.0696908	-0.0668468	-0.0637093	-0.0603088	-0.0566804	-0.0528628	-0.0488981	-0.0448314	-0.0407099	-0.0365822	-0.0324972	-0.0285037	-0.0246488	-0.0209773	-0.0175302	-0.0143443	-0.0114505	-0.00887346	-0.00663056	-0.00473133	-0.00317714	-0.00196065	-0.00106483	-0.000470625	-0.00016464	
-0.000328095	-0.0008771	-0.00183228	-0.0031372	-0.00476112	-0.00668245	-0.00887528	-0.011312	-0.0139641	-0.0168027	-0.0197986	-0.0229228	-0.0261466	-0.029442	-0.0327813	-0.0361375	-0.0394843	-0.0427957	-0.0460462	-0.0492109	-0.0522648	-0.0551837	-0.0579436	-0.0605208	-0.0628923	-0.065036	-0.0669305	-0.0685556	-0.0698925	-0.0709243	-0.071636	-0.0720151	-0.0720515	-0.0717386	-0.0710729	-0.0700543	-0.0686871	-0.0669793	-0.0649433	-0.0625956	-0.0599574	-0.0570539	-0.0539145	-0.0505725	-0.0470645	-0.0434303	-0.0397123	-0.0359544	-0.0322018	-0.0284999	-0.0248934	-0.0214253	-0.0181364	-0.0150635	-0.0122391	-0.00969028	-0.00743775	-0.00549517	-0.00386849	-0.00255561	-0.00154579	-0.000818839	-0.00035084	-0.000119203	
-0.000263455	-0.00071126	-0.00150378	-0.0026029	-0.00398833	-0.005645	-0.00755251	-0.00968761	-0.0120254	-0.0145397	-0.0172039	-0.0199911	-0.0228749	-0.0258289	-0.0288275	-0.0318456	-0.0348589	-0.0378431	-0.0407749	-0.043631	-0.0463886	-0.0490253	-0.051519	-0.0538478	-0.0559906	-0.0579268	-0.0596367	-0.0611017	-0.0623043	-0.063229	-0.0638618	-0.0641912	-0.0642081	-0.0639064	-0.063283	-0.0623383	-0.0610762	-0.0595048	-0.0576359	-0.0554853	-0.0530729	-0.0504228	-0.0475624	-0.0445231	-0.0413391	-0.0380476	-0.0346878	-0.0313004	-0.027927	-0.0246094	-0.0213884	-0.0183033	-0.0153905	-0.0126834	-0.0102106	-0.00799564	-0.00605586	-0.00440178	-0.00303639	-0.00195466	-0.00114301	-0.000578581	-0.000232881	-7.41641e-05	
-0.000197787	-0.000543446	-0.00117307	-0.00206683	-0.00321442	-0.00460672	-0.00622824	-0.00805967	-0.0100793	-0.0122636	-0.0145884	-0.0170293	-0.0195617	-0.0221616	-0.0248056	-0.0274709	-0.0301351	-0.0327765	-0.0353738	-0.0379062	-0.0403529	-0.0426938	-0.0449088	-0.0469784	-0.0488834	-0.0506051	-0.0521256	-0.0534279	-0.0544963	-0.0553163	-0.0558754	-0.0561629	-0.0561705	-0.0558926	-0.0553264	-0.0544723	-0.0533341	-0.0519191	-0.0502382	-0.0483063	-0.0461417	-0.0437664	-0.041206	-0.0384893	-0.0356477	-0.0327152	-0.0297278	-0.0267227	-0.0237377	-0.0208107	-0.0179786	-0.0152768	-0.012738	-0.0103918	-0.00826353	-0.0063734	-0.00473595	-0.00335906	-0.00224339	-0.00138169	-0.000758216	-0.000348082	-0.000118933	-3.04305e-05	
-0.000132432	-0.000377027	-0.000846732	-0.0015392	-0.00245311	-0.00358431	-0.00492149	-0.00644869	-0.00814698	-0.00999555	-0.0119726	-0.0140561	-0.0162239	-0.0184547	-0.0207275	-0.023022	-0.0253184	-0.0275978	-0.0298412	-0.0320305	-0.0341477	-0.036175	-0.0380948	-0.0398901	-0.0415438	-0.0430395	-0.0443614	-0.0454944	-0.0464244	-0.0471385	-0.0476255	-0.0478756	-0.0478814	-0.0476377	-0.0471419	-0.0463943	-0.0453981	-0.0441598	-0.0426891	-0.0409993	-0.0391068	-0.0370314	-0.034796	-0.0324263	-0.0299506	-0.0273993	-0.0248046	-0.0221997	-0.0196184	-0.0170943	-0.0146604	-0.0123478	-0.0101855	-0.0081994	-0.00641157	-0.00483938	-0.00349483	-0.00238377	-0.00150514	-0.000850279	-0.000402166	-0.000134837	-1.32131e-05	1.01971e-05	
-6.99169e-05	-0.000217978	-0.000535656	-0.00103599	-0.00172484	-0.00260175	-0.0036586	-0.0048822	-0.0062562	-0.00776236	-0.00938152	-0.0110943	-0.0128817	-0.014725	-0.0166062	-0.0185081	-0.0204139	-0.0223076	-0.0241734	-0.0259959	-0.0277601	-0.0294512	-0.0310544	-0.0325551	-0.0339392	-0.0351927	-0.0363019	-0.0372542	-0.0380372	-0.0386399	-0.0390524	-0.0392663	-0.0392748	-0.0390735	-0.0386597	-0.0380335	-0.0371975	-0.036157	-0.0349204	-0.0334989	-0.0319066	-0.0301604	-0.0282801	-0.026288	-0.0242083	-0.0220674	-0.0198931	-0.017714	-0.0155594	-0.0134581	-0.0114384	-0.00952738	-0.00774969	-0.00612753	-0.00467961	-0.00342058	-0.00236027	-0.00150295	-0.000846603	-0.000382045	-9.21218e-05	4.89356e-05	7.71957e-05	4.46221e-05	
-1.47856e-05	-7.65841e-05	-0.000257446	-0.000581672	-0.00105965	-0.00169297	-0.00247567	-0.00339686	-0.00444274	-0.00559789	-0.00684624	-0.00817167	-0.00955848	-0.0109915	-0.0124563	-0.013939	-0.0154264	-0.0169058	-0.0183648	-0.0197916	-0.0211741	-0.0225009	-0.0237603	-0.024941	-0.0260315	-0.0270208	-0.027898	-0.0286528	-0.0292753	-0.0297563	-0.0300879	-0.0302629	-0.0302757	-0.0301224	-0.0298007	-0.0293102	-0.0286529	-0.0278329	-0.0268566	-0.025733	-0.0244735	-0.0230915	-0.0216032	-0.0200265	-0.0183812	-0.0166888	-0.0149717	-0.0132534	-0.0115576	-0.0099079	-0.00832736	-0.00683785	-0.00545959	-0.00421056	-0.00310596	-0.00215763	-0.00137339	-0.000756393	-0.000304371	-8.72484e-06	0.00014641	0.0001849	0.000141362	6.79807e-05	
2.5141e-05	3.00713e-05	-3.96853e-05	-0.000212849	-0.000500679	-0.000904993	-0.00142114	-0.00204047	-0.0027521	-0.0035441	-0.00440427	-0.00532056	-0.00628142	-0.00727587	-0.00829355	-0.00932466	-0.01036	-0.0113906	-0.012408	-0.0134038	-0.01437	-0.0152984	-0.016181	-0.0170097	-0.0177766	-0.0184738	-0.0190936	-0.0196284	-0.0200712	-0.0204154	-0.0206548	-0.0207843	-0.0207997	-0.0206977	-0.0204766	-0.0201358	-0.0196764	-0.0191013	-0.0184148	-0.0176233	-0.0167348	-0.0157591	-0.0147076	-0.0135933	-0.0124306	-0.011235	-0.010023	-0.00881156	-0.00761795	-0.00645944	-0.00535283	-0.0043141	-0.00335804	-0.00249782	-0.00174462	-0.00110714	-0.000591186	-0.000199082	7.09729e-05	0.000225752	0.000277992	0.000247304	0.000163521	7.31944e-05	
3.64158e-05	7.21357e-05	7.16529e-05	1.22773e-05	-0.000113625	-0.000306637	-0.000563374	-0.000878199	-0.00124438	-0.00165482	-0.00210245	-0.00258047	-0.00308249	-0.00360255	-0.0041351	-0.004675	-0.00521739	-0.00575769	-0.0062915	-0.00681454	-0.00732259	-0.00781147	-0.00827698	-0.00871492	-0.00912109	-0.00949129	-0.00982137	-0.0101073	-0.0103451	-0.0105312	-0.0106622	-0.0107352	-0.0107476	-0.0106978	-0.0105844	-0.0104071	-0.0101662	-0.00986321	-0.00950032	-0.00908084	-0.00860904	-0.00809018	-0.00753044	-0.00693689	-0.00631736	-0.00568035	-0.00503484	-0.0043902	-0.00375594	-0.00314156	-0.00255633	-0.0020091	-0.00150805	-0.00106051	-0.000672754	-0.000349714	-9.47655e-05	9.06053e-05	0.000207213	0.000258764	0.000252617	0.000200692	0.000122744	5.15861e-05	
