-0.0107476	
-0.0207997	
-0.0302757	
-0.0392748	
-0.0478814	
-0.0561705	
-0.0642081	
-0.0720515	
-0.0797498	
-0.0873439	
-0.0948668	
-0.102344	
-0.10979	
-0.117215	
-0.124617	
-0.131984	
-0.139297	
-0.146524	
-0.153623	
-0.160544	
-0.167224	
-0.173591	
-0.179563	
-0.185052	
-0.189962	
-0.19419	
-0.197634	
-0.200188	
-0.201749	
-0.20222	
-0.20151	
-0.19954	
-0.196241	
-0.191564	
-0.185471	
-0.177947	
-0.168991	
-0.158623	
-0.146876	
-0.133799	
-0.119447	
-0.103885	
-0.0871738	
-0.0693675	
-0.0505045	
-0.0305978	
-0.0096232	
0.0124929	
0.0358888	
0.0607832	
0.0874927	
0.116448	
0.148208	
0.183468	
0.223053	
0.267904	
0.319021	
0.377394	
0.44388	
0.519048	
0.602984	
0.695068	
0.793805	
0.896878	
