0.0248042	
0.0470621	
0.0668808	
0.0843801	
0.0996959	
0.112974	
0.124365	
0.134017	
0.142074	
0.148674	
0.153944	
0.157999	
0.160941	
0.16286	
0.163832	
0.163917	
0.163167	
0.161619	
0.1593	
0.156229	
0.152416	
0.147863	
0.142568	
0.136524	
0.129722	
0.122149	
0.113794	
0.104645	
0.0946894	
0.0839212	
0.0723358	
0.0599348	
0.0467261	
0.0327263	
0.017962	
0.00247176	
-0.0136916	
-0.0304587	
-0.047741	
-0.0654285	
-0.0833864	
-0.101453	
-0.119438	
-0.137117	
-0.154237	
-0.17051	
-0.185619	
-0.19922	
-0.210949	
-0.220433	
-0.227304	
-0.231212	
-0.231848	
-0.228966	
-0.222404	
-0.212103	
-0.198124	
-0.18066	
-0.16003	
-0.136678	
-0.111145	
-0.0840483	
-0.0560419	
-0.0277933	
